0000000000110000100000000000
0000000011111111111110000000
0000001111111111111111000000
0000011111111111111111100000
0000011111111111111111100000
0000011111100000001111100000
0000011110001111111011100000
0000111101011011011011110000
0000111100010000110011110000
0000001111100011001110000000
0000000001111111110010000000
0000000110000000000110000000
0000000111100011110110000000
0000000111111011110110000000
0000000011111111111110000000
0000000011111111111110000000
0000000011111111111110000000
0000000011111111111110000000
0000000011111111111110000000
0000000011111111111110000000
0000000011111111111110000000
0000000011111111111110000000
0000000011111111111110000000
0000000011111111111110000000
0000000011111111111110000000
0000000011111111111110000000
0000000011111111111110000000
0000000000011111100000000000