0000000000110000111000000000
0000000001111111111100000000
0000000001101111111100000000
0000000001101111011000000000
0000000001101111000000000000
0000000001111111101100000000
0000000011110111011100000000
0000000011111010111110000000
0000000011111111111000000000
0000000011111111111000000000
0000000001111111111000000000
0000000001111111111100000000
0000000001111111111100000000
0000000001111111111100000000
0000000011111111111100000000
0000000011111111111100000000
0000000011111111111100000000
0000000011111111111100000000
0000000011111111111100000000
0000000011111111111110000000
0000000011111111111110000000
0000000011111111111110000000
0000000111111111111110000000
0000000111111111111110000000
0000000111111111111110000000
0000000111111111111110000000
0000000111111111111111000000
0000000001111111111100000000