0000000000100000011000000000
0000000001111000111100000000
0000000000011111001100000000
0000000000001110000000000000
0000000001001111000000000000
0000000101110101101100000000
0000000111110100000000000000
0000000111111110010010000000
0000000111111111110000000000
0000000111111101100011000000
0000000111111111110011000000
0000000111111111111110000000
0000000111111111110100000000
0000000011111111111110000000
0000000011111111111010000000
0000000011111111111010000000
0000000011111101111110000000
0000000011111111111100000000
0000000111111111111110000000
0000000111111111111100000000
0000000111111111111110000000
0000000111111111111010000000
0000001111111111111110000000
0000001111111111111110000000
0000001111111111111110000000
0000001111111111111110000000
0000001111111111111111000000
0000001111111111111000000000