0000000001111000011000000000
0000000111111111111111100000
0000011111111111111111110000
0000111111111111111111110000
0000111111111111111111111000
0000111111111111111111111000
0000011111111111111111110000
0000001110011111110011100000
0000001111111111111011000000
0000000011111111111000000000
0000000011111111111110000000
0000000011111111111110000000
0000000011111111111110000000
0000000011111111111110000000
0000000011111111111010000000
0000000011111111111110000000
0000000011111111111110000000
0000000011111111111100000000
0000000011111111111100000000
0000000011111111111110000000
0000000011111111111111000000
0000000111111111111110000000
0000000111111111111111000000
0000000111111111111111000000
0000000111111111111111000000
0000000111111111111111000000
0000000111111111111111000000
0000000011111111110010000000