0000000000001111111000000000
0000000111111111111111000000
0000011111111111111111110000
0000011111111111111111110000
0000111111111111111111111000
0000111111001110010111111000
0000111111111111111111111100
0001111111111111101111111100
0001111111111111111111111000
0001111111111111111111111000
0000111110110101111111111000
0000001111111111111111100000
0000000111111111111111000000
0000000111101100110111000000
0000000011111111111111000000
0000000011111111111111000000
0000000011111101111111000000
0000000011111111111111000000
0000000011111111111111000000
0000000011111111111111000000
0000000011111111111111000000
0000000011111111111111000000
0000000011111111111111000000
0000000011111111111111000000
0000000011111111111111000000
0000000111111111111111000000
0000000111111111111111000000
0000000000000000000000000000