0000000001100000011000000000
0000000111111111111111000000
0000011111111111111111100000
0000011111111111111111110000
0000111111111111111111110000
0000111111100000001111110000
0000111110001110110111111000
0001111111011011001111111000
0001111110111111111011111000
0001111110011111001111111000
0001111110011111110111111000
0000000011111011100110000000
0000000011111001001110000000
0000000011111101011110000000
0000000011111111111110000000
0000000011111111111110000000
0000000011111111111110000000
0000000011111111111110000000
0000000011111111111110000000
0000000011111111111110000000
0000000111111111111110000000
0000000111111111111110000000
0000000111111111111110000000
0000000111111111111110000000
0000000111111111111110000000
0000000111111111111110000000
0000000011111111111110000000
0000000000011111100000000000