0000000000010000111000000000
0000001111111111111111100000
0000011111111111110111110000
0000111000001111100000010000
0000110000000000000000010000
0000010000111111111110001000
0000011111111111111111100000
0001001111111111111111101000
0011111111000000000101111100
0001111000000000000001111100
0000001100000000000001110000
0000000001111111111000000000
0000000111111111111110000000
0000000111111111111110000000
0000000111100000000100000000
0000000000000000000000000000
0000000000000000000000000000
0000000000111011110100000000
0000000111111111111110000000
0000000111111111111110000000
0000000011111111110110000000
0000000000000000000000000000
0000000000000000000000000000
0000000000000100000000000000
0000000111111111111110000000
0000000111111111111110000000
0000000011111111111100000000
0000000000000000000000000000