0000000000010000000000000000
0000000011111111111111000000
0000011111111111111111110000
0000011111111111111111111000
0000111111111111111111111000
0000111111111111111111111000
0000111111111111111111111000
0001111111100111001111111100
0000111111111111111111111000
0000011111110111111011110000
0000000011111001111111000000
0000000011111111111110000000
0000000011111111111110000000
0000000001111111111110000000
0000000001101111111110000000
0000000001111011111110000000
0000000001111111111010000000
0000000001111011111110000000
0000000011111111111110000000
0000000011111111111110000000
0000000011111111111110000000
0000000011111111111110000000
0000000011111111111110000000
0000000011111111111111000000
0000000011111111111111000000
0000000011111111111111000000
0000000011111111111111000000
0000000000011111111000000000