0000000000000000000000000000
0000000000001111110010000000
0000000111101111111000000000
0000000111001111011111000000
0000001111101110011011000000
0000001111111111111111000000
0000001111111111111111100000
0000011111111011111011100000
0000011111111011111111110000
0000011111111111111111110000
0001111111111111111011111000
0001111111111111111111111100
0001111111111111111011111100
0001111111111111111111111100
0001111111111111111111111100
0000111111111111111111101000
0000111111111111111110011000
0000000011111111111110000000
0000000111111111111110000000
0000000111111111111110000000
0000000111111111111110000000
0000000011111111111110000000
0000000111111111111110000000
0000000111111111111110000000
0000000111111111111110000000
0000000111111111111111000000
0000000111111111111111000000
0000000000110111111000000000