0000000000110000100000000000
0000000111111111111110000000
0000011111111111111111000000
0000011111111111111111100000
0000011111111111111111100000
0000111111111111011011100000
0000111110111111111111110000
0000111111111111111111110000
0000111111101111111111110000
0000111111101111111111110000
0000111111111111111111110000
0000000111111111111110000000
0000000111111111111110000000
0000000110111111111110000000
0000000011111111111110000000
0000000011111111111110000000
0000000011111111111100000000
0000000011111111111100000000
0000000011111111111100000000
0000000111111111111110000000
0000000111111111111100000000
0000000111111111111110000000
0000000111111111111110000000
0000000111111111111110000000
0000000111111111111110000000
0000000111111111111110000000
0000000111111111111110000000
0000000000000000000000000000