0000000000011000110000000000
0000000011111111111111000000
0000011111111111111111110000
0000011111111111111111110000
0000111111111111111111111000
0000111111111111111111111000
0000111111111111111111111000
0001111111101111011111111100
0001111111111111111111111000
0000011111110111111011110000
0000000011111001111110000000
0000000011111111111010000000
0000000011111111111110000000
0000000011111111111010000000
0000000011101111111110000000
0000000011111011111010000000
0000000011111111111010000000
0000000011111011111110000000
0000000011111111111110000000
0000000011111111111110000000
0000000011111111111110000000
0000000011111111111110000000
0000000011111111111110000000
0000000011111111111110000000
0000000011111111111110000000
0000000011111111111111000000
0000000011111111111111000000
0000000000011111111000000000