0000000000011001111000000000
0000000111111111111111000000
0000001111111111111111110000
0000011111111111111111110000
0000011111111111111111110000
0000011111111111111111111000
0000011111111111111111111000
0000011111111111111111111000
0000011111111111111111111000
0000111111111111111111110000
0000111111111111111111110000
0000111111111111111111110000
0000111111111111111111110000
0000001101111111111101100000
0000001101111111111110000000
0000001001111111111110000000
0000001001111111111110000000
0000001011111111111110000000
0000001011111111111110000000
0000000011111111111110000000
0000001011111111111111000000
0000000011111111111111000000
0000000111111111111111000000
0000000111111111111111000000
0000000111111111111111000000
0000000111111111111111000000
0000000111111111111111000000
0000000000001111100000000000