0000000000010000000000000000
0000000001111001011000000000
0000000001101111111000000000
0000000001101111111000000000
0000000001101111011000000000
0000000001110111011100000000
0000000001111111111100000000
0000000011111111111100000000
0000000011111111111100000000
0000000001111111111100000000
0000000001111111111100000000
0000000001111111111100000000
0000000001111111111100000000
0000000001111111111100000000
0000000001111111111100000000
0000000001111111111100000000
0000000011111111111100000000
0000000011111111111100000000
0000000011111111111110000000
0000000011111111111110000000
0000000011111111111110000000
0000000111111111111110000000
0000000111111111111110000000
0000000111111111111111000000
0000000111111111111111000000
0000000111111111111111000000
0000000111111111111111000000
0000000011111111111110000000