0000000000100000000000000000
0000000001111111111100000000
0000000001111111111100000000
0000000001101101111000000000
0000000001111101111000000000
0000000001111101111100000000
0000000001111111011000000000
0000000011111010110010000000
0000000011111111110100000000
0000000111011111110111000000
0000000011111111111111000000
0000000011111111111110000000
0000000011111111111100000000
0000000011111111111100000000
0000000011111111111110000000
0000000011111111111110000000
0000000011111111111110000000
0000000011111111111100000000
0000000011111111111100000000
0000000011111111111100000000
0000000011111111111110000000
0000000011111111111110000000
0000000111111111111110000000
0000000111111111111110000000
0000000111111111111110000000
0000000111111111111110000000
0000000111111111111110000000
0000000001111111111000000000