0000000000111111100000000000
0000000001011111110000000000
0000000111001110010100000000
0000001111100110111000000000
0000011101110100011111100000
0000011101100100011001100000
0000011111000000101001100000
0000011111111111110001110000
0000110111111111111111110000
0000011111111110011001000000
0000000011111111111000000000
0000000011111111111100000000
0000000011111111111100000000
0000000011111111111100000000
0000000011111111111100000000
0000000011111111111110000000
0000000011111111111110000000
0000000111111111111110000000
0000000111111111111110000000
0000000111111111111110000000
0000000111111111111110000000
0000000111111111111110000000
0000000111111111111110000000
0000000011111111111110000000
0000000011111110110000000000
0000000001111111110000000000
0000000000111111110000000000
0000000000001111000000000000