0000000000110000010000000000
0000000011111111111110000000
0000011111111111111111100000
0000111111111111111111110000
0000111111111111111111110000
0001111111111111111111111000
0001111111111111111111111000
0001111111000010000111111000
0001111110000000000111111000
0001111110011000111111111000
0001111111111110111111111000
0000000111111111111111000000
0000000111111111111110000000
0000000111111101111110000000
0000000011111111111110000000
0000000011111111111110000000
0000000011111111111110000000
0000000011111111111110000000
0000000011111111111110000000
0000000011111111111110000000
0000000011111111111110000000
0000000011111111111110000000
0000000011111111111110000000
0000000011111111111110000000
0000000011111111111110000000
0000000011111111111110000000
0000000011111111111110000000
0000000011111111111110000000