0000000001000000010000000000
0000000111011111101100000000
0000000111000000001100000000
0000000111000001011100000000
0000000111100000011110000000
0000000111110001111110000000
0000000111111111111100000000
0000000111111111111100000000
0000000111111111111100000000
0000000111111111111100000000
0000000111111111111100000000
0000000111111111111100000000
0000000011111111111100000000
0000000011111111111100000000
0000000011111111111100000000
0000000011111111111100000000
0000000011111111111100000000
0000000011111111111100000000
0000000111111111111100000000
0000000111111111111110000000
0000000111111111111110000000
0000000111111111111110000000
0000000111111111111110000000
0000001111111111111111000000
0000001111111111111111000000
0000001111111111111111000000
0000001111111111111111000000
0000000111111111111110000000