0000000000011111110000000000
0000000111111111111111000000
0000011111111111111111100000
0000011111111111111111110000
0000111111111111101111111000
0000111110010000111111111000
0001111111100000001111111000
0001111111000011100101111000
0001111110011111111011111100
0001111111011011111111111000
0000011011010111111101100000
0000000011011111101110000000
0000000011000000001100000000
0000000011111111111110000000
0000000011111111111110000000
0000000011111111111110000000
0000000011111111111110000000
0000000011111111111110000000
0000000011111111111100000000
0000000011111111111110000000
0000000111111111111110000000
0000000111111111111110000000
0000000111111111111110000000
0000000111111111111110000000
0000000111111111111110000000
0000000111111111111110000000
0000000011111111111111000000
0000000011111111100000000000