0000000000000000001000000000
0000000000001111111000000000
0000000001111111110111100000
0000000111110011100011110000
0000001111111111110111110000
0000001111111101000011100000
0000001111111011001111000000
0000011111111011101110110000
0000011110011111111000100000
0000011111011011111101110000
0000000111100000011000110000
0000000000111001110110000000
0000000000111111111010000000
0000000000111101111010000000
0000000000111101111110000000
0000000000111110111110000000
0000000000111110110010000000
0000000000111111110010000000
0000000000111111111010000000
0000000000111111111100000000
0000000000111111110110000000
0000000001111111111111000000
0000000001111111111111100000
0000000001111111111111100000
0000000001111111111111100000
0000000001111111111111100000
0000000001111111111111100000
0000000000111111111111000000