0000000000010000110000000000
0000000000011001110000000000
0000000000001111010000000000
0000000001100110011000000000
0000000001100110011000000000
0000000001110111111000000000
0000000011111111111000000000
0000000011111111111000000000
0000000011111111111000000000
0000000001111111111000000000
0000000001111111111000000000
0000000001111111111100000000
0000000001111111111100000000
0000000001111111111100000000
0000000001111111111100000000
0000000011111111111100000000
0000000011111111111100000000
0000000011111111111100000000
0000000011111111111110000000
0000000111111111111110000000
0000000111111111111110000000
0000000111111111111110000000
0000000011111111111110000000
0000000011111111111110000000
0000000001111111111100000000
0000000000111111110000000000
0000000000011111100000000000
0000000000000111000000000000