0000000000111001111000000000
0000000111111111111110000000
0000011000001110000001100000
0000110000000000000000100000
0000110000000000000000110000
0001110000000000000000111000
0011110000000000000000111000
0011111000000000000000111100
0000111111100111111011110000
0000011111111111111111100000
0000001111111111011101000000
0000000111011111111100000000
0000000111010011111100000000
0000000111111111111100000000
0000000111111100111100000000
0000000111111111011100000000
0000000110111111111110000000
0000000111111111111110000000
0000000111111111110110000000
0000000111111110111110000000
0000000111111111111110000000
0000000111111111111111000000
0000000111111111111110000000
0000000111111111111111000000
0000000111111111111111000000
0000000111111111111111000000
0000001111111111111111000000
0000000111111111111111000000