0000000000111000110000000000
0000000011111111111100000000
0000001111111111111111000000
0000001111111111111111000000
0000011111111111111111100000
0000011111111111111111100000
0000111111111111111111110000
0000011111111111111111100000
0000001111111111111110000000
0000000011111110111100000000
0000000011111111111100000000
0000000011111111111100000000
0000000011111111111100000000
0000000011111011111100000000
0000000111111111111100000000
0000000111111111111100000000
0000000111111111111100000000
0000000111111111111110000000
0000000111111111111110000000
0000000111111111111110000000
0000000111111111111110000000
0000000111111111111110000000
0000000011111111111110000000
0000000111111111111110000000
0000000011111111111110000000
0000000011111111111110000000
0000000001111111111000000000
0000000000001111000000000000