0000000001000000001000000000
0000001111111111111111100000
0000011111111111111111110000
0000111111111111111111110000
0000111111111111111111111000
0000111111111111111111110000
0000011111111111111111110000
0000001111111111111111100000
0001111111111111001111110000
0001111011111111111111111000
0000001111111111111111110000
0000000011111111111110000000
0000000111111111111111000000
0000000111111111111111000000
0000000111101111111110000000
0000000011111111111110000000
0000000011101111111110000000
0000000011111111111110000000
0000000111111111111110000000
0000000111111111111110000000
0000000111111111111111000000
0000000110111111111110000000
0000000111111111111110000000
0000000101111111111110000000
0000000111111111111111000000
0000000111111111111111000000
0000000111111111111111000000
0000000000000000000000000000