0000000000111111110000000000
0000000001111111111000000000
0000000001111111111000000000
0000000001111111111000000000
0000000001111111111000000000
0000000001111111111000000000
0000000001111111111000000000
0000000001111111111000000000
0000000001111111111000000000
0000000000111111110000000000
0000000000111111110000000000
0000000000111111110000000000
0000000000111111110000000000
0000000000111111110000000000
0000000000111111110000000000
0000000000111111110000000000
0000000000111111110000000000
0000000000111111110000000000
0000000000011111110000000000
0000000000011111110000000000
0000000000011111110000000000
0000000000011111100000000000
0000000000011111100000000000
0000000000011111100000000000
0000000000011111100000000000
0000000000011111100000000000
0000000000011111100000000000
0000000000011101100000000000