0000000001111110000000000000
0000000111111111110000000000
0000000001111111000000000000
0000001111111111111000000000
0000001111111111111000000000
0000001111111111111000000000
0000011111111111110000000000
0000001111111111110000000000
0000001101111111110000000000
0000001101111111110000000000
0000001101111111110000000000
0000001001111111110000000000
0000001001111111110000000000
0000001011111111111000000000
0000000011111111111000000000
0000000011111111111000000000
0000000011111011110000000000
0000000111111011110000000000
0000000011111001110000000000
0000000011111001111000000000
0000000011111001111000000000
0000000011111001111000000000
0000000011111001111100000000
0000000011111001111100000000
0000000001111001111000000000
0000000000110001110000000000
0000000000111000110000000000
0000000000100000110000000000