0000000000011000110000000000
0000000011111111111100000000
0000000111101111111111100000
0000001111111111111111110000
0000011111111111111111110000
0000011111111111111111110000
0000011111111111111111111000
0000111111111111111011111000
0000111111111111111011111000
0000111111111111111111111100
0000111111111111111111111000
0000111011111111111101000000
0000000011111111111110000000
0000000011111111111110000000
0000000011111111111110000000
0000000011111111111110000000
0000000011111111111110000000
0000000011111111111110000000
0000000011111111111110000000
0000000011111111111110000000
0000000011111111111110000000
0000000011111111111110000000
0000000011111111111110000000
0000000011111111111110000000
0000000011111111111110000000
0000000011111111111110000000
0000000011111111111110000000
0000000011110110100100000000