0000000001111111111000000000
0000000001111111111000000000
0000000001111111111000000000
0000000011111111111000000000
0000000011111111111100000000
0000000011111111111100000000
0000000011111111111100000000
0000000011111111111100000000
0000000011111111111100000000
0000000011111111111100000000
0000000011111111111100000000
0000000011111111111100000000
0000000011111011111100000000
0000000011111011111100000000
0000000011111001111000000000
0000000001111001111000000000
0000000001111001111000000000
0000000001111001111000000000
0000000001111001111000000000
0000000001111001111000000000
0000000001111001111000000000
0000000001111101111000000000
0000000001111101111000000000
0000000001111101111000000000
0000000001111101111000000000
0000000001111101111000000000
0000000000011001111000000000
0000000000010000110000000000