0000000011111111111100000000
0000000011111111111100000000
0000000111111111111100000000
0000000111111111111110000000
0000000111111111111100000000
0000000111111111111110000000
0000000111111111111110000000
0000000111111111111110000000
0000000111111111111110000000
0000000111111111111110000000
0000000111111111111110000000
0000000111111111111110000000
0000000111111111111110000000
0000000111111111111110000000
0000000111111111111110000000
0000000111111111111110000000
0000000111111111111110000000
0000000111111101111110000000
0000000111111001111110000000
0000000011111001111110000000
0000000011111001111110000000
0000000011111001111100000000
0000000011111001111110000000
0000000011111001111110000000
0000000011111001111100000000
0000000011111001111100000000
0000000011111001111100000000
0000000001111001111100000000