0000000000111111111000000000
0000000001111111111100000000
0000000001111111111100000000
0000000001111111111100000000
0000000001111111111100000000
0000000001111111111100000000
0000000011111111111100000000
0000000011111111111100000000
0000000011111111111100000000
0000000011111001111100000000
0000000011111001111000000000
0000000011111001111000000000
0000000011111001111000000000
0000000011111001111000000000
0000000011111001111000000000
0000000011110001111000000000
0000000001110001111000000000
0000000001110001111000000000
0000000001110001111000000000
0000000001111001111000000000
0000000001111001111000000000
0000000001111001111000000000
0000000001111001111000000000
0000000001111001111000000000
0000000000111001111000000000
0000000000111001110000000000
0000000000111101110000000000
0000000000111001110000000000