0000000000000111000000000000
0000000000001111000000000000
0000000000000111000000000000
0000000000000111000000000000
0000000000000110000000000000
0000000000011111100000000000
0000000000111111010000000000
0000000000111111000000000000
0000000000111101010000000000
0000000000111111110000000000
0000000000111111110000000000
0000000000011010110000000000
0000000000001111110000000000
0000000000001111110000000000
0000000000001111110000000000
0000000000011111110000000000
0000000000011111100000000000
0000000000011111100000000000
0000000000011111100000000000
0000000000011001100000000000
0000000000011011100000000000
0000000000011011000000000000
0000000000011011000000000000
0000000010010011000000000000
0000000010110011011010110000
0000111110110011011111110000
0000111111111111111111110000
0000111111111111111111110000