0000000000000000000000000000
0000000000011000111000000000
0000000001111111111100000000
0000000001111111111111100000
0000000001111111111111100000
0000000010000000111000000000
0000000001111111101000000000
0000000000111001110000000000
0000000000000000110100000000
0000000000111111110001010000
0000100011111111111101110000
0000100001111111111001111000
0000000001111111111100000000
0000000000111101111000000000
0000000000111111111100000000
0000000000111111111110000000
0000000000111111111110000000
0000000000111111111110000000
0000000010111111111110000000
0000000010111101111010000000
0000000010111111111010000000
0000000010111101111110000000
0000000010111111111100000000
0000000010111101111110000000
0000000010111100111000000000
0000000011111101111110000000
0000000010111100111000000000
0000000010011100111000000000