0000000000100000000000000000
0000000111111101111110000000
0000001111111111111111100000
0000001111111111111111100000
0000001111111111111111100000
0000001111111111111111100000
0000001111111111111111100000
0000001111111111111111110000
0000001111111111111111110000
0000001111111111111111110000
0000001111111111111111110000
0000001111111111111111110000
0000011111111111111111110000
0000011111111111111111110000
0000011111111111111111110000
0000011111111111111111110000
0000011111111111111111110000
0000011111111111111111110000
0000011111111111111111110000
0000011111111111111111110000
0000011111111111111111110000
0000000011111111111110100000
0000000011111111111110000000
0000000011111111111110000000
0000000011111111111111000000
0000000011111111111110000000
0000000111000011010010000000
0000000000000111111100000000