0000000000011111000000000000
0000000011111111111000000000
0000001111111111111111000000
0000011111111111111111100000
0000111111111111111111110000
0000111111110000111111100000
0000111111111111111111110000
0000111111111111111111110000
0000111111111111111111110000
0000111111111111111111110000
0000011111111111110111100000
0000000111111111111110000000
0000000001111100111111000000
0000000111111111111110000000
0000000111111111111110000000
0000000111111111111110000000
0000000111111111011110000000
0000000111111111111110000000
0000000011111111111110000000
0000000011111111111110000000
0000000111111111111110000000
0000000011111111111110000000
0000000111111111111110000000
0000000111111111111110000000
0000000111111111111110000000
0000000111111111111110000000
0000000111111111111110000000
0000000001111111100000000000