0000000000001100001000000000
0000000001111111111100000000
0000000011111111111100000000
0000000111111111111110000000
0000001111111111111111100000
0000011111111111111111100000
0000011111111111111111100000
0000011111111111011111110000
0000011111001000011111110000
0000011111110100011111110000
0000011111101110111111110000
0000111110001010110111110000
0000111111111110011111110000
0000111111111101111111110000
0000111111111111100111110000
0000111111111111101111110000
0000111111111111111111110000
0000111111111111111111110000
0000111111111111111111110000
0000111111111111111111110000
0000111111111111111111111000
0000111111111111111111111000
0000111111111111111111111000
0000111111111111111111111000
0001111111111111111111111000
0001111111111111111111110000
0000111000000000000001110000
0000000000000000000000100000