0000000000000000000000000000
0000000001111111111110000000
0000000011111111111100000000
0000001111111111111111000000
0000001111111111111111100000
0000011111111111111101100000
0000011111111101110111100000
0000011111111111011111100000
0000111111111111111111000000
0000011111111111111111000000
0000000011111111111111100000
0000000011111111111110000000
0000000011111111110110000000
0000000011111111011100000000
0000000011111111011100000000
0000000011111111111100000000
0000000011111111111100000000
0000000011111111111110000000
0000000011111111111110000000
0000000011111111111110000000
0000000011111111111110000000
0000000011111111111110000000
0000000011111111111110000000
0000000011111111111110000000
0000000011111111111110000000
0000000011111111111110000000
0000000011111111111110000000
0000000000101111101000000000