0000000000000000000000000000
0000000000011111100000000000
0000000000011111000000000000
0000000101111111110010000000
0000000111101111110111000000
0000001111101011111111000000
0000001111111111111111000000
0000001111111111111111000000
0000011111111111111111100000
0000011111111111111111100000
0000011111111111111111100000
0000011111111111111111100000
0000011111111111111111100000
0000011111111111111111100000
0000011111111111110111100000
0000011111111111111111100000
0000011111111111111111100000
0000011111111111111011110000
0000011111111111111111110000
0000111111111111111111110000
0000111111111111111111110000
0000111111111111111111110000
0000111111111111111111110000
0000111111111111111101110000
0000111000011100100001100000
0000111000000000000001100000
0000111000000000000001100000
0000011000000000000001100000