0000000000000000000000000000
0000000001110010011100000000
0000000011110010011100000000
0000000000011111110000000000
0000000000001100000000000000
0000000001111101111000000000
0000000011111111111110000000
0000000011101111011110000000
0000000011101111111100000000
0000000011011111111111000000
0000000011001111111111000000
0000000001001111111111000000
0000000001111111111111000000
0000000011111111111111000000
0000000111111111111111100000
0000111111111111111111110000
0000111111111111111111110000
0000011111111111111111100000
0000011111111111111100000000
0000000011111111111100000000
0000000011111111111100000000
0000011001111000000000000000
0000000000000000000000000000
0000000000000000000000000000
0000000000000000000000000000
0000000000000000000000000000
0000000000000000000000000000
0000000000000000000000000000