0000000000110000001000000000
0000000001111111111100000000
0000000101111111111100000000
0000001101111111111101100000
0000011111110111011101100000
0000011111110111011101110000
0000011111111111111101110000
0000111111111111111101110000
0000111111111111111111110000
0000000111111111111111100000
0000000011111111111110000000
0000000011111111111100000000
0000000011111111111100000000
0000000011111111111100000000
0000000011111111111100000000
0000000011111111111100000000
0000000011111111111100000000
0000000011111111111100000000
0000000011111111111110000000
0000000011111111111110000000
0000000011111111111110000000
0000000011111111111110000000
0000000011111111111110000000
0000000011111111111110000000
0000000011111111111110000000
0000000011111111111110000000
0000000011111111111110000000
0000000011011001001010000000