0000000000000000000000000000
0000000011111111111100000000
0000000111111111111111100000
0000001111111111111111100000
0000011111111111111111110000
0000111111111111111111110000
0000111111111101110111111000
0000111111110000000111111000
0001111111111111111111111000
0001111111111111111111110000
0001111111111111111111111000
0000010011001100001110000000
0000000011111111110110000000
0000000011111111111110000000
0000000011111111111110000000
0000000011111111111110000000
0000000011111111111110000000
0000000011111111111110000000
0000000011111111111110000000
0000000111111111111110000000
0000000111111111111111000000
0000000111111111111111000000
0000000111111111111111000000
0000000111111111111111000000
0000000111111111111111000000
0000000111111111111111000000
0000000111111111111111000000
0000000000000111100000000000