0000000000100000011000000000
0000000011111111111111000000
0000001101111111111111000000
0000010101111000111110000000
0000000001111101111101000000
0000010001111111111011110000
0000001111111111111111100000
0000001111111111111111100000
0000001110110110010110011000
0001100010100001010111111100
0000001101111111111111010000
0000000111111111111110000000
0000000000111111111111000000
0000000001110111111100000000
0000000011111111111110000000
0000000011111111111110000000
0000000111111111111110000000
0000000111111111111110000000
0000000111111111111110000000
0000000111111111111111000000
0000000111111111111111000000
0000000111111111111110000000
0000000111111111111111000000
0000000111111111111111000000
0000000111111111111111000000
0000000111111111111110000000
0000000111111111111110000000
0000000100001111111000000000