0000000000001000110000000000
0000000000111111111000000000
0000000011111111111111000000
0000111111111111111111110000
0000101111111111111111110000
0001011111111111111111111000
0001111111111111111011110000
0000111111111111111111111100
0000111111111111111111111000
0000111111111000111111110000
0001101111110000011111110000
0000100111110111111111111000
0000000110011111111110100000
0000000010101111110110000000
0000000010100111100110000000
0000000011111111111110000000
0000000011111111111110000000
0000000011111111111111000000
0000001111011011011111000000
0000001111011000001011000000
0000001111011110111011000000
0000000111111101111111000000
0000000110111111111110000000
0000000110111110011110000000
0000000111111111101110000000
0000000111111111111111000000
0000000111111111111111000000
0000000000011111110000000000