0000000000100000110000000000
0000000110111111111110000000
0000011001111111111001000000
0000011001101111111000100000
0000111101101111111010110000
0000111111111111111001110000
0000111011111111111111110000
0001111111111111111111101000
0001001111111111111111111000
0000111111111111111111100000
0000011011111111111101000000
0000000011111111111100000000
0000000011111111111100000000
0000000011111111111100000000
0000000011111111111100000000
0000000011111111111100000000
0000000011111111111100000000
0000000011111111111100000000
0000000111111111111110000000
0000000111111111111110000000
0000000111111111111110000000
0000000111111111111110000000
0000000111111111111110000000
0000000111111111111110000000
0000000111111111111111000000
0000000111111111111111000000
0000000111111111111111000000
0000000111111111111111000000