0000000000100000001000000000
0000000111111111111110000000
0000000111111111111111000000
0000001111111111111111100000
0000001111111111111111100000
0000001111111111111111110000
0000001111111111111111110000
0000011111111111111111110000
0000011111111011111111110000
0000011111111111111111111000
0000001111111111111111100000
0000000011111111111111000000
0000000001111111111010000000
0000000001111111111010000000
0000000001111111111000000000
0000000001111111111100000000
0000000001111111111100000000
0000000001111111111100000000
0000000011111111111100000000
0000000011111111111100000000
0000000011111111111100000000
0000000011111111111101000000
0000000011111111111101000000
0000000001111111111101000000
0000000001111111101101000000
0000000000111111000001000000
0000000000001110000001000000
0000000000000000000000000000