0000000000100000110000000000
0000000111111111111100000000
0000011111111111111111100000
0000011111111111111111100000
0000001111111111111111100000
0000001111111111111111110000
0000011111111111111111110000
0000011111011011111111110000
0000011111101111011111110000
0000011111000000011111110000
0000001111010110111111100000
0000000111110001011110000000
0000000111111111111110000000
0000000111111111111110000000
0000000011111111111110000000
0000000011111111111110000000
0000000011111111111110000000
0000000011111111111110000000
0000000111111111111110000000
0000000111111111111110000000
0000000111111111111110000000
0000000111111111111110000000
0000000111111111111110000000
0000000111111111111110000000
0000000111111111111110000000
0000000111111111111110000000
0000000111111111111110000000
0000000001111111111110000000