0000000000011000100000000000
0000000001111111111000000000
0000000011111111111100000000
0000000001111111111000000000
0000000000111111111000000000
0000000000111111111000000000
0000000000111111111000000000
0000000000111111110000000000
0000000000111111110000000000
0000000000111111110000000000
0000000000111111110000000000
0000000000111111110000000000
0000000000111111111000000000
0000000000111111111000000000
0000000001111111111000000000
0000000001111111111000000000
0000000001111111111100000000
0000000001111111111100000000
0000000001111111111100000000
0000000001111111111100000000
0000000001111111111100000000
0000000001111111111100000000
0000000001111111111000000000
0000000001111111111000000000
0000000001111111111000000000
0000000000111111111000000000
0000000000111111111000000000
0000000000100111111000000000