0000000000000000000000000000
0000000001110001111000000000
0000000111111111111111000000
0000011111111111111111100000
0000011111111111111111110000
0000111111111111111111110000
0000111111111111111111111000
0001111111111110101111111000
0001111111111111111111111000
0011111111111111111111111100
0011111111111111111111111100
0111111111111111111111111110
0001110111111111111100111000
0000110011111111111100110000
0000000011111111111100000000
0000000011111111111100000000
0000000011111111111100000000
0000000011111101111100000000
0000000011111111111100000000
0000000011111111111100000000
0000000011111111111100000000
0000000111111111111100000000
0000000111111111111100000000
0000000111111111111100000000
0000000111111111111100000000
0000000111111111111100000000
0000000111111111111100000000
0000000000000101100000000000