0000000000000000100000000000
0000000001111111111000000000
0000001111111111111110000000
0000001111011111011111000000
0000001111101100111111100000
0000011111110011101111100000
0000011111111111111111110000
0000111111111111111111110000
0000111111111111111111111000
0000011111111111111111100000
0000000111111111111100000000
0000000111111111111100000000
0000000011111111111100000000
0000000011111111111100000000
0000000011111111111100000000
0000000011111111111100000000
0000000011111111111100000000
0000000011111111111100000000
0000000111111111111100000000
0000000111111111111110000000
0000000111111111111110000000
0000000111111111111110000000
0000000111111111111110000000
0000001111111111111111000000
0000001111111111111111000000
0000001111111111111111000000
0000001111111111111110000000
0000000000011111100000000000