0000000000000000000000000000
0000000001111111111000000000
0000000000111111110000000000
0000001110111111101010000000
0000001111111100111110000000
0000100111111111110100000000
0000100101110011111100000000
0000100111101111111100000000
0000001111011111111111000000
0000000111111111111100000000
0000000011111111111100000000
0000000011011111111010000000
0000000011011011111100000000
0000000010111011010100000000
0000000011111011011100000000
0000000011111111111100000000
0000000011111111111100000000
0000000011111111111100000000
0000000011111111111100000000
0000000001111111111100000000
0000000011111111111100000000
0000000001111111111100000000
0000000101111111111100000000
0000000001111111111100000000
0000000001111111111100000000
0000000100111111001100000000
0000000000111111001000000000
0000000000000010000000000000