0000000000111111111000000000
0000000111111111111111000000
0000001111111111111111110000
0000011111111111111111110000
0000011111111111111111111000
0000111111111111111111111000
0000111111111111111111111000
0000111111111111011111111000
0001111111111011111111111000
0001111111111011111111111000
0000111111111011111111111000
0000011111111111111110110000
0000001011111011111110000000
0000001011111011111110000000
0000001011111111111110000000
0000000011111100000110000000
0000000011111111111110000000
0000000011111111111110000000
0000000011111111111110000000
0000000011111111111110000000
0000000011111111111110000000
0000000011111111111110000000
0000000011111111111110000000
0000000111111111111110000000
0000000111111111111110000000
0000000111111111111110000000
0000000111111111111110000000
0000000011111111110000000000