0000000000000000000000000000
0000000000111111110000000000
0000000011111111111110000000
0000001111111101111111000000
0000011111111111111111100000
0000011111111111111111100000
0000011111111111111111100000
0000011111111111111111100000
0000011111111111111111110000
0000011111111111111111110000
0000011111111111111111110000
0000111111111111111111110000
0000111111111111111111110000
0000111111111111111111110000
0000111111111111111111110000
0000111111111111111111111000
0000111111111111111111111000
0000111111111111111111111000
0000111111111111111111111000
0000111111111111111111111000
0001111111111111111111111100
0001111111111111111111111100
0001111111111111111111111100
0001111011111111111100111100
0001111011111111111100111100
0001111000000000000000111100
0001110000000000000000111100
0000000000000000000000010000