0000000000011111000000000000
0000000000111111100000000000
0000000011111111111100000000
0000011111111111111111000000
0000011111111111111111100000
0000111111111111111111100000
0000111111111111111111100000
0000111111111111111111110000
0000111111111111111111110000
0001111111111111111111110000
0001111111111111111111110000
0001111111111111111111110000
0001111111111111111011110000
0001111011111111111101110000
0001111011111111111101110000
0001111011111111111101110000
0001111011111111111101111000
0001110011111111111101111000
0001110011111111111100111000
0001110011111111111100111000
0001110111111111111100111000
0001110111111111111100111000
0001110111111111111100111000
0001110011111111111100111000
0001110011111111111100111000
0001100011111111111100011000
0001100000111111110000011000
0000000000000000000000000000