0000000000000000000000000000
0000000011111011111110000000
0000001111111101110111100000
0000011111111111111110110000
0000111111111111111111110000
0000111111111111001111011000
0000111111111111111111111000
0000111111111111111111111000
0000111111111111111111110000
0000111111111111111111111000
0000111111111111111111110000
0000011011111111111111110000
0000000011111111111110000000
0000000011111111111110000000
0000000011111111111110000000
0000000011111111111110000000
0000000011111111111110000000
0000000011111111111110000000
0000000011111111111110000000
0000000011111111111110000000
0000000011111111111110000000
0000000011111111111110000000
0000000011111111111110000000
0000000011111111111110000000
0000000011111111111110000000
0000000011111111111110000000
0000000011111111111111000000
0000000000000000000000000000