0000000000011101110000000000
0000000011111111111110000000
0000011111111111111111100000
0000111111111111111111110000
0000111111111111111111110000
0000111111111111111111111000
0001111111111111111111111000
0001111111111111111111111000
0001111111111111111111111000
0001111111111111111111111000
0000111111111111111111110000
0000000111111111111111000000
0000000111111111111110000000
0000000111111111111110000000
0000000011111111111110000000
0000000011111111111110000000
0000000011111111111110000000
0000000011111111111110000000
0000000011111111111110000000
0000000011111111101110000000
0000000011111111111110000000
0000000011111111111110000000
0000000011111111111110000000
0000000011111111111110000000
0000000011111111111110000000
0000000011111111111110000000
0000000111111111111110000000
0000000010111111000110000000