0000000000110001101000000000
0000000111111111111110000000
0000001111111111111111100000
0000011111111111111111100000
0000111001111111111111110000
0000111001111111111111110000
0000111111111111111111110000
0000111101111111111011111000
0001111101111111111111111000
0001111111111111111111111000
0001111111111111111111111100
0001111111111111111111111100
0001111000111111111011110000
0000000011111111111110000000
0000000000111111111000000000
0000000011111111111110000000
0000000011111111111010000000
0000000011111111111110000000
0000000011111111111111000000
0000000011111111111111000000
0000000011111111111110000000
0000000011111111111110000000
0000000001111111111110000000
0000000111111111111110000000
0000000111111111111111000000
0000000111111111111111000000
0000000111111111111110000000
0000000000111000111000000000