0000000000000000000000000000
0000000000000000000000000000
0000000000000000000000000000
0000000000000000000000000000
0000000000000000000000000000
0000000000000000000000000000
0000000000000000000000000000
0000000000000000000000000000
0000000000000001100000000000
0000000000000001111000000000
0000000000000011111111111100
0000000000000011111111111110
0000000000010111111111111110
0000000001111000111111111110
0000001111111100011111110000
0000111100111100011111100000
0000111110111100001111000000
0000111110011110011111000000
0111111111111111111111111111
0111111111111111111111111111
0000000000000000000011111000
0000000000000000000000000000
0000000000000000000000000000
0000000000000000000000000000
0000000000000000000000000000
0000000000000000000000000000
0000000000000000000000000000
0000000000000000000000000000