0000000000000000000000000000
0000000000000000000000000000
0000000000000000000000000000
0000000000000000000000110000
0000000000000000000000111000
0000000000000000000111111000
0000000000000000111111011100
0000000000000000000100011010
0000000000000000000000111100
0000000000000000000000111100
0000000000000000000000111110
0000000000000000000001111110
0000000000000000000000111110
0000000000000000000011111110
0000000000000000000011111110
0000000000000000001110111110
0000000000000000011100111110
0000001011000000011000111110
0000011111100000110000111110
0000111111100001110000111110
0000111111110001100000111110
0000111111100111000000111110
0000011110111111000000111110
1111111111111110000000111110
0111111111111100000000111100
0000000000000000000000000000
0000000000000000000000000000
0000000000000000000000000000