0000000000000000000000000000
0000000000000000000000000000
0000000000000001111111100000
0000000000000111111111110000
0000000000000000000000111000
0000000000001111111111111100
0000000000001111111111111100
0000000000000000000011111100
0000000000000000000111111100
0000000000000000000111111110
0000000000000000000111111110
0000000000000000000111111111
0000000000000000000111111111
0000000000000000000111111111
0000000000000000000111111111
0000000000000000000111111111
0000000000000000001111111110
0000000000000000011110111111
0000000000000000111000011111
0000000000000000110000011111
0000011110000001110000011111
0000011110000011100000011110
0000111111000111000000011110
1111111111011111000000011111
1111111111111110000000011111
0000111111111000000000011110
0000000000000000000000000000
0000000000000000000000000000