0000000000000000000000000000
0000000000000000000001110000
0000000000000000001111110000
0000000000000000000011110000
0000000000000000100001111000
0000000000000010000000111000
0000000000000000000000111100
0000000000000000000000111110
0000000000000000000000011110
0000000000000000000000011111
0000000000000000000000011111
0000000000000000000000011111
0000000000000000000000111111
0000000000000000000000111110
0000000000000000000010111010
0000000000000000000101111110
0000000000000000000011001100
0000000000000110110110000100
0000000000000001011100000100
0000000000000000001100000100
0000000000000000111000000100
0000000110000000110000000100
0000011110000001100000000100
0000001110000011100000000110
0000001111000111000000000110
1111100111001111000000000100
0111111111111110000000000110
0000001111111000000000000110