0000000000011111110000000000
0000000000111111111100000000
0000000001111111111111000000
0000000001111111111111100000
0000000001111111111111100000
0000000001111111111111000000
0000000001111111111110000000
0000000001111111111111000000
0000000001111111111111000000
0000000001111111110011000000
0000000001111111110011000000
0000000001111100110110000000
0000000001111111111110000000
0000000001111111110110000000
0000000011111111110100000000
0000000011111111110000000000
0000000011111111110000000000
0000000011111111110000000000
0000000011111111110000000000
0000000011111111110000000000
0000000011111111110000000000
0000000011111111110000000000
0000000011111111110000000000
0000000011111111110000000000
0000000011111111110000000000
0000000011111111110000000000
0000000011111111110000000000
0000000000111101100000000000