0000000000110000110000000000
0000000000111111111000000000
0000000000111111111111100000
0000000001111111110011000000
0000000001110000001001100000
0000000001000010000000000000
0000000010001110000110000000
0000000010001111111111000000
0000000001011111111111000000
0000000001111111101111000000
0000000001111101111110000000
0000000001101001111110000000
0000000001100001111100000000
0000000011000001111100000000
0000000010111111111100000000
0000000000111111100100000000
0000000011111111101100000000
0000000011111111111100000000
0000000001111111110000000000
0000000010111111111000000000
0000000011111111111000000000
0000000011111111111100000000
0000000011111111111100000000
0000000011111111111100000000
0000000011111111111110000000
0000000011111111111110000000
0000000011111111111110000000
0000000010111011110000000000