0000000000110001101000000000
0000000011111111111100000000
0000000011111111111100000000
0000000011111111111100000000
0000000001101111111100000000
0000000001110111111100000000
0000000011111111111100000000
0000000001111111111100000000
0000000001111111111100000000
0000000011111111111100000000
0000000011111111111100000000
0000000011111111111100000000
0000000001111111111000000000
0000000011111111111100000000
0000000001111111111000000000
0000000011111111111100000000
0000000011111111111100000000
0000000011111111111100000000
0000000011111111111100000000
0000000111111111111110000000
0000000010111111111110000000
0000000010111111111110000000
0000000000111111111110000000
0000000111111111111110000000
0000000111111111111111000000
0000000111111111111111000000
0000000111111111111110000000
0000000001111111111110000000