0000000000000000000000000000
0000000000000000011000000000
0000000000000001111111111000
0000000000000111111111111000
0000000000000111111111111100
0000000000000111111111111100
0000000000000000110011111100
0000000000000000001111111110
0000000000000011111101111110
0000000000000011100001111110
0000000000000010000011111110
0000000000000100000011110111
0000000000000100000011111111
0000000000001000000111111111
0000000000011000000111111110
0000000000110000001111111110
0000000001100000011110111110
0000000010000000111100111110
0000011110000001110000111110
0000011111000011100000111110
0000011111110111100000111110
0000111111111111000000111110
0111111111111110000000111110
0111111111111100000000111110
0001111111111100000000111110
0101111111111000000000111110
0011111111111000000000111110
0000000111110000000000100000