0000000000000000000000000000
0000000000000111111101100000
0000000000000111111111100000
0000000000000111111111110000
0000000000001111111111110000
0000000000001111111111110000
0000000000001111111111111000
0000000000001111111111100000
0000000000001111111111100000
0000000000001111111111110000
0000000000001111111111110100
0000000000001111111111111100
0000000000000111111111111110
0000000000000111111111111110
0000000000011111111111111100
0000000000011111111111111100
0000000000011111111111111100
0000000000011111111111111100
0000000000011111111111111100
0000000000111111111100111100
0000000000111111111000111100
0000000001111111110000111100
0000011111111111100000111100
0011111111111111100000111100
0011111111111111000000111100
0111111111111110000000111100
0001111111111110000000111100
0000000011110000000000101000