0000000000000000000000000000
0000000000000000000000000000
0000000000000000000000000000
0000000000000000000000000000
0000000000000000000000000000
0000000000000000000000000000
0000000000000000000000000000
0000000000000000000110000100
0000000000000001111111111100
0000000000001111111111111100
0000000000011111111111111100
0000000000111111111111001110
0000000000111111111110011110
0000000011111111111111111110
0000000111111111111111111110
0000001111111111111111111111
0000111111111111111111111111
0001111111111111111111111111
0101111111111111111111111111
0111111111111111111111111111
0000000011111111000000000000
0000000000000000000000000010
0000000000000000000000000000
0000000000000000000000000000
0000000000000000000000000000
0000000000000000000000000000
0000000000000000000000000000
0000000000000000000000000000