0000000000000000000000000000
0000000000000000000000000000
0000000000000000000000000000
0000000000000000000011110000
0000000000000000011111111100
0000000000000000011101111000
0000000000000000001111110000
0000000000000000000111111000
0000000000000000001111111000
0000000000000001111111111000
0000000000000001111111111000
0000000000000000001111111010
0000000000000000111111111110
0000000000000001000111111110
0000000000000010000111111110
0000000000000110001111111110
0000000000000010011110111110
0000000000111100111101111110
0000000111111101111001111110
0000011111111111110001111110
0000111011111111100011111110
0011111111111111100011111110
1111111111111111000011111110
0111111111111110000011111110
0000111111111100000011111110
0000000000000000000000000000
0000000000000000000000000000
0000000000000000000000000000