0000000000000000000000000000
0000000000000000000000000000
0000000000000000000000000000
0000000000000000000000000000
0000000000000000000000000000
0000000000000000000000000000
0000000000000000000000000000
0000000000000000000000000000
0000000000000000000000000000
0000000000000110100000000000
0000000000001111111100001100
0000000000111111111111111110
0000001011111101111111111110
0000001111111111111111111110
0111111111111111111111111111
1111111111111111111111111111
1111111111111111111111111111
0101111111111111111111111111
0010101111111000111111111010
0000000110110000000000000000
0000000000000000000000000000
0000000000000000000000000000
0000000000000000000000000000
0000000000000000000000000000
0000000000000000000000000000
0000000000000000000000000000
0000000000000000000000000000
0000000000000000000000000000