0000000000000000000000000000
0000000000111111110100000000
0000000011111111111100000000
0000000011111001111100000000
0000000001111111111100000000
0000000011111111111100000000
0000000111111111111100000000
0000000011111111111110000000
0000000011111111111110000000
0000000111111111111110000000
0000000111111111111100000000
0000000011111011111000000000
0000000011111111111100000000
0000000011111111111100000000
0000000011110111111000000000
0000000011110111111000000000
0000000011110101111000000000
0000000011111111111000000000
0000000011111111111000000000
0000000011111011111000000000
0000000011111111111000000000
0000000001111111111000000000
0000000011111111111000000000
0000000011111111111000000000
0000000000111101111100000000
0000000011111111111100000000
0000000011111111111100000000
0000000000111111110000000000