0000000000000000000000000000
0000000000011011100000000000
0000000001111111111000000000
0000001111111011011111100000
0000011111111111111111100000
0000011111101111111111110000
0000111111111101101111110000
0000111111111111101111111000
0000111111111101111111111000
0000111111101111111111111000
0000111111111111111111111000
0000111110111011011111111000
0000111111111111111111111000
0000001111111111111111110000
0000000111111111110111000000
0000000011111111111110000000
0000000011111111111110000000
0000000011111111111111000000
0000000011111111111111000000
0000000011111111111111000000
0000000111111111111111000000
0000000111111111111011000000
0000000111111110111111000000
0000000111111111111111000000
0000000111111111111111000000
0000000111111111111111000000
0000000111111111111111000000
0000000100000110000000000000