0000000000111111001000000000
0000000100111111110100000000
0000000101111111111110100000
0000001000111111111011000000
0000000010001111111011000000
0000011111000110010111000000
0000000101111000011111110000
0000110111110000001111110000
0000011111000110011111100000
0000111110000110001111110000
0000111111100111111111100000
0000101111111110111111110000
0000101111010110110111110000
0000101111011101010111110000
0000101100111111011111110000
0000111101101111010111110000
0000101101111111111111111000
0001111100110110010111111000
0001111111111110010111110000
0001111101111111011111110000
0001111110100110010111110000
0001011000100111110111111000
0001011100111111110111111000
0001111100111110110111111000
0001111111111111111110111000
0001111111111111111111111000
0001110000000100100000111000
0000000000000000000000100000