0000000000001000000000000000
0000000000011111000000000000
0000000000101101111000000000
0000000111101111101110000000
0000001110001011001111000000
0000001110011011111101000000
0000001111111001111101100000
0000011010110011111111100000
0000011001000111111111100000
0000011111110011110111100000
0000011100111111111111100000
0000011111111111111111100000
0000011111000111101111100000
0000011100010110111011100000
0000001101011110111111110000
0000011100011111111111110000
0000111111101111111111110000
0000111011111111111111110000
0000111100110111111111110000
0000111111101111111111110000
0000111111111111111111110000
0000111111111111111111110000
0000111100111110000011110000
0000111111111110011001110000
0000111111111011111111110000
0000111111000100011101110000
0000111000000000000001110000
0000001000000000000000000000