0000000000000000000000000000
0000000000000000000000000000
0000000000000000000000000000
0000000000000000000000000000
0000000000000000000000000000
0000000000000000000000000000
0000000000000000000000000000
0000000000000110000000000000
0000000000000111110000000000
0000000000000111111111110100
0000000000001111111111111100
0000000000011111111111111100
0000000001111100111111111100
0000000111110000011111111100
0000001111111000001111111110
0000111111101100001111111110
0000011111101100001111101110
0111111111111111111111111110
1111111111111111111111111111
0111111111111111111111111111
0000011111111000000110111100
0000000000000000000000000000
0000000000000000000000000000
0000000000000000000000000000
0000000000000000000000000000
0000000000000000000000000000
0000000000000000000000000000
0000000000000000000000000000