0000000000111111111000000000
0000000000111111111000000000
0000000001111111111000000000
0000000011111111111100000000
0000000011111111111100000000
0000000011111111111100000000
0000000011111111111100000000
0000000011111111111100000000
0000000011111111111100000000
0000000011111111111100000000
0000000011111111111100000000
0000000011111111111100000000
0000000011111111111100000000
0000000011111101111100000000
0000000011111001111000000000
0000000011111001111000000000
0000000011111001111000000000
0000000011111001111000000000
0000000011111001111000000000
0000000001111001111000000000
0000000001111001111000000000
0000000001111001111000000000
0000000001111001111000000000
0000000001111001111000000000
0000000001111001111000000000
0000000001111001110000000000
0000000001111001110000000000
0000000000010000110000000000