0000000000110111100000000000
0000000001111111111000000000
0000000011111101111100000000
0000001111111111111111000000
0000001111111111111111000000
0000011111111111111111100000
0000011111111111111111100000
0000011111111111111111100000
0000011111111111111111100000
0000011111111111111111100000
0000011111111111111111100000
0000011101111111111111110000
0000011111111111111111110000
0000111111111111111111110000
0000111111111111111101110000
0000111111111111111111110000
0000111111111111111001110000
0000101101111111111101110000
0000101011111111111111110000
0000111111111111111101111000
0000111101111111111101111000
0000101101111111111101110000
0000111111111111111111110000
0000111111111111111111111000
0000111111111111111111110000
0000111001111111111100110000
0000111000000000000001110000
0000101000000000000001100000