0000000001111001110000000000
0000000011111111111100000000
0000000011111111111100000000
0000000011111111111110000000
0000000011111111111110000000
0000000011111111111110000000
0000000011111111111110000000
0000000011111111111110000000
0000000011111111111110000000
0000000011111111111110000000
0000000011111111111110000000
0000000011111111111110000000
0000000011111101111110000000
0000000011111101111110000000
0000000011111101111110000000
0000000011111101111110000000
0000000011111101111110000000
0000000011111101111110000000
0000000011111101111110000000
0000000011111101111110000000
0000000011111101111110000000
0000000011111101111110000000
0000000011111101111110000000
0000000011111100111110000000
0000000011111100111110000000
0000000011111100111110000000
0000000011111100111110000000
0000000001111100111100000000