0000000000000000000000000000
0000000000000000000000000000
0000000000000000000000000000
0000000000000000000000000000
0000000000000000000000000000
0000000000000000000000000000
0000000000000000000000000000
0000000000000000001000000000
0000000000000000011100000000
0000000000000000111111110000
0000000000000001111111111100
0000000000000001111111111100
0000000000000111111111111110
0000000000000111111111111110
0000000000111111111111111110
0000000011111111111111111110
0000001011111111111111111110
0011111111111111111111111111
0111111111111111111111111111
0001111111111111111111111111
0000000111111000000111111000
0000000000000000000000000000
0000000000000000000000000000
0000000000000000000000000000
0000000000000000000000000000
0000000000000000000000000000
0000000000000000000000000000
0000000000000000000000000000