0000000000000000000000000000
0000000000000000000000000000
0000000000000000000000000000
0000000000000000000000000000
0000000000000000000000000000
0000000000000000000000000000
0000000000000000000000000000
0000000000000000000000000000
0000000000000000100000000000
0000000000000011110000000010
0000000000011111111100000110
0000000000111111111111111110
0000000011111111111111111110
0000001111111111111111111110
0001111111111111111111111111
1111111111111111111111111111
0111111111111111111111111110
0000000000011110000000000000
0110000000000000000000000010
0000000000000000000011000000
0000000000000000000000000000
0000000000000000000000000000
0000000000000000000000000000
0000000000000000000000000000
0000000000000000000000000000
0000000000000000000000000000
0000000000000000000000000000
0000000000000000000000000000