0000000000011100000000000000
0000000001111111110000000000
0000000001111111111100000000
0000000011111111111100000000
0000000011111111111110000000
0000000011111111111110000000
0000000011111111111110000000
0000000011111111111110000000
0000000011111111111110000000
0000000011111111111110000000
0000000011111111111110000000
0000000011111111111100000000
0000000001111111111100000000
0000000001111111111100000000
0000000001111111111100000000
0000000001111111111100000000
0000000001111111111100000000
0000000001111111111100000000
0000000001111111111100000000
0000000011111111111100000000
0000000011111111111100000000
0000000011111111111100000000
0000000011111111111100000000
0000000011111111111100000000
0000000001111111111100000000
0000000001111111111100000000
0000000001110111111100000000
0000000001110011011100000000