0000000000000000000000000000
0000000000000000000000000000
0000000000000000000000000000
0000000000000000000000000000
0000000000000000000000000000
0000000000000000000000000000
0000000000000000000000000000
0000000000000000000000000000
0000000000000000000000000000
0000000000000011100000000000
0000000000000011111000111100
0000000000001111111111111100
0000000000000111111111111100
0000011111100010111111110000
0000011111110011111111000000
0000011111111111111111111110
0001111111111111111111111110
0111111111111111111111111110
1111111111111111111111111111
0000111111111111011111100000
0000000000000000000000000000
0000000000000000000000000000
0000000000000000000000000000
0000000000000000000000000000
0000000000000000000000000000
0000000000000000000000000000
0000000000000000000000000000
0000000000000000000000000000