0000000000000000000000000000
0000000000000000000000000000
0000000000000000000000000000
0000000000000000000000000000
0000000000000000000000000000
0000000000000000000000000000
0000000000000000000000000000
0000000000000000000000000000
0000000000000000010000000000
0000000000000001110000011000
0000000000000111111000011100
0000000000001111111111111100
0000000000111111111111111100
0000000011111111111111111110
0000001111111111111111111110
0001111111111111111111111110
0111111111111111111111111110
1111111111111111111111111110
1111111111111110000000101000
0011111111000000000000001110
0001101110000000000010111100
0000000000000000000000000000
0000000000000000000000000000
0000000000000000000000000000
0000000000000000000000000000
0000000000000000000000000000
0000000000000000000000000000
0000000000000000000000000000