0000000000000000000000000000
0000000000000000000000000000
0000000000000000000000000000
0000000000000000000000000000
0000000000000000000000000000
0000000000000000000000000000
0000000000000000000000000000
0000000000000000000000000000
0000000000000000110000000000
0000000000000011110000001100
0000000000000111111100001100
0000000000001111111100011110
0000000001111111111110111110
0000000111111111111111111110
0000011111111111111111111110
0111111111111111111111111110
1111111111111111111111111110
0111111111111111111111111110
0111111111111111111111111000
0000011111111110111110011110
0000101101101111110111111010
0000000111111011111000001100
0000000000000000000000000000
0000000000000000000000000000
0000000000000000000000000000
0000000000000000000000000000
0000000000000000000000000000
0000000000000000000000000000