0000000000000000000000000000
0000000000000000000000000000
0000000000000000000000000000
0000000000000000000000000000
0000000000000000000000000000
0000000000000000000000000000
0000000000000000000000000000
0000000000000000000000000000
0000000000000000000000000000
0000000000000011110000111100
0000000000000111111111111100
0000000000001111111111111110
0000000000111111111111111110
0000000111111111111111111111
0000011111111111111111111111
0111111111111111111111111111
0111111111111111111111111111
1111111111111111111111111111
0111111111111111111111111111
0000011111111111111111111110
0000000000000000000000000000
0000000000000000000000000000
0000000000000000000000000000
0000000000000000000000000000
0000000000000000000000000000
0000000000000000000000000000
0000000000000000000000000000
0000000000000000000000000000