0000000000000000000000000000
0000000000000000000000000000
0000000000000000000000000000
0000000000000000000000000000
0000000000000000000000000000
0000000000000000000000000000
0000000000000000000000000000
0000000000000000000000000000
0000000000000000011000000000
0000000000000001111000000100
0000000000000111111000001100
0000000000001111111110001100
0000000000111111111111111110
0000000011111111111111111110
0011111111111111111111111110
0111111111111111111111111110
1111111111111111111111111111
1111111111111111111100000000
0100011111111000000000000000
0001100000000001111111111110
0000001111111101111000000100
0000000000000000000000000000
0000000000000000000000000000
0000000000000000000000000000
0000000000000000000000000000
0000000000000000000000000000
0000000000000000000000000000
0000000000000000000000000000