0000000000000000000000000000
0000000000000000000000000000
0000000000000000000000000000
0000000000000000000000000000
0000000000000000000000000000
0000000000000000000000000000
0000000000000000000000000000
0000000000000000000000000000
0000000000000000110000000000
0000000000000001111000000000
0000000000001111111000000000
0000000000101111111000011010
0000000010111111111111111110
0000011001111111111111111110
0000100111101111111111111111
0011111111111111111111111111
0011111111111011011011111111
1000000000000000000000000000
1111111000000010000010000110
0011111111111111111111111110
0000000000000000000000000000
0000000000000000000000000000
0000000000000000000000000000
0000000000000000000000000000
0000000000000000000000000000
0000000000000000000000000000
0000000000000000000000000000
0000000000000000000000000000