0000000000000000000000000000
0000000000000000000000000000
0000000000000000000000000000
0000000000000000000000000000
0000000000000000000000000000
0000000000000000000000000000
0000000000000000000000000000
0000000000000000000110000000
0000000000000000011111111000
0000000000000000111111111100
0000000000000000111111111110
0000000000000011111111111110
0000000000000111111111111110
0000000000011111111111111110
0000000001111111111111111110
0000000111111111111111111111
0000101111111111111111111111
0111111111111111111111111110
1111111111111111111111111111
0111111111111111111111111110
0111011111111110000000011110
0000111111111111111000000000
0000000000000000000000000000
0000000000000000000000000000
0000000000000000000000000000
0000000000000000000000000000
0000000000000000000000000000
0000000000000000000000000000