0000000000000000000000000000
0000000000000000000000000000
0000000000000000000000000000
0000000000000000000000000000
0000000000000000000000000000
0000000000000000000000000000
0000000000000000000000000000
0000000000000000001110000000
0000000000000000001111111110
0000000000000000011111111110
0000000000000001111111111110
0000000000000111111111111110
0000000000000011111111111110
0000000000001111111111111110
0000000001011111100000001110
0000010111110110001110000010
0111111111111000111111111111
0111111111111111111111111110
0000000111111111111111111110
0000000000000000000000000000
0000011111000000000000011110
0000000000000000000000000000
0000000000000000000000000000
0000000000000000000000000000
0000000000000000000000000000
0000000000000000000000000000
0000000000000000000000000000
0000000000000000000000000000