0000000000011111001000000000
0000000000111111111000000000
0000000001111111111100000000
0000000011111111111100000000
0000000011111111111100000000
0000000011111111111110000000
0000000011111111111110000000
0000000001111111111110000000
0000000001111111111110000000
0000000011111111111100000000
0000000011111111111110000000
0000000011111111111110000000
0000000011111111111110000000
0000000001111111111110000000
0000000011111111111100000000
0000000011111111111100000000
0000000011111111111100000000
0000000001111111111100000000
0000000001110111111100000000
0000000011111111111100000000
0000000011111111111100000000
0000000011111111111110000000
0000000001111111111100000000
0000000001111111111100000000
0000000001111111111100000000
0000000011111111111110000000
0000000011111111111100000000
0000000000011100100000000000