0000000000001111000000000000
0000000000111001110000000000
0000000000100000111000000000
0000000001000000011000000000
0000000011000000011100000000
0000000010000000011110000000
0000000110000000001010000000
0000000110000000001010000000
0000000110000000001011000000
0000001110000000001001000000
0000001010000000001001000000
0000001010000000001001100000
0000000010000000001000100000
0000011111000000001100100000
0000011111111111101111100000
0000011111111101101111100000
0000011111111111111111100000
0000011111111111111111100000
0000011111111111111111100000
0000011111111111111111100000
0000011111111111111111100000
0000011111111111111111100000
0000011111111111111111100000
0000011111111111111111100000
0000011111111111111111100000
0000011111111111111111100000
0000011111111111111111100000
0000011111111111111111100000