0000000000000000000000000000
0000000000000000000000000000
0000000000000000000000000000
0000000000000000000000000000
0000000000000000000000000000
0000000000000000000110000000
0000000000000001111111110000
0000000000100000001011011000
0000000001100000000011110000
0000000011000000000111111000
0000011111110000111111111100
0000001111011111110011111110
0000001111111110001111111110
0000011111111111111111111110
0001011111111111111111111110
0000111111111111111111111110
0110111111111111111111111110
0110111111111111111111111110
0110011111111111111111111110
0111111111111111111111111110
0111111111111111111111111110
0111111111111111111111111110
0000111111111111011111111100
0001111111100000001000000000
0000100000000000000000000000
0000000000000000000000000000
0000000000000000000000000000
0000000000000000000000000000