0000000000000000000000000000
0000000000000000000000000000
0000000000000000000000000000
0000000000000000000000000000
0000000000010000001000000100
0000000000110110001000011100
0000000000100111111001110000
0000000000100000111111000000
0000000001000000001110000000
0000000001000000001110000000
0000000001000000001110001110
0000000001000000001111111110
0011111111111111111111111110
0011111111111111111111111110
0111111111111111111111111110
0111111111111111111111111110
0111111111111111111111111110
0111111111111111111111111110
0111111111111111111111111110
0111111111111111111111111110
0111111111111111111111111110
0111111111111111111111111110
0111111111111111111111111110
0111111111111111111111111110
0111111111111111111111111110
0000000000000000000000000000
0000000000000000000000000000
0000000000000000000000000000