0000000000001111100000000000
0000000000111000110000000000
0000000001101000001100000000
0000000011011000010100000000
0000000100010000010010000000
0000001100010000010001000000
0000001000010000010000100000
0000010000010000011000010000
0000000000110000000000010000
0000000000110000001000000000
0000100000100000001000000000
0000111000100000001000011000
0000111111111011001111111000
0000111111111011111111111000
0000111111111111111111111000
0000111111111111111111111000
0000111111111111111111111000
0000111111111111111111111000
0000111111111111011111111000
0001111111111111111111111000
0000111111111111111111111000
0000111111111111111111111000
0000111111111111111111111000
0000111111111111111111111000
0001111111111111111111111000
0001111111111111111111111000
0001111111111111111111111100
0000111111111111111111111000