0000000000000000000000000000
0000000000000000000000000000
0000000000000000000000000000
0000000000000000000000000000
0000000000000000000000000000
0000000000000000000000000000
0000000000000000000000000000
0000000000000000011000000000
0000000000000000111000001000
0000000000000111111100001100
0000000000011111111100011100
0000000000111111111110011110
0000000001111111111111111100
0000001111111111111111111100
0011011111111111111111111110
1111111111111111111111111110
1111111111111111111111111110
0111111111111111111111111110
0111111111111111111111111000
0100000111111111111111111010
0001101101101111110111100010
0000001111111111111000001100
0000000000000000000000000000
0000000000000000000000000000
0000000000000000000000000000
0000000000000000000000000000
0000000000000000000000000000
0000000000000000000000000000