0000000000111111111100000000
0000000000111111111100000000
0000000000111111111100000000
0000000001111111111110000000
0000000001111111111110000000
0000000001111111111110000000
0000000001111111111110000000
0000000001111111111110000000
0000000001111111111110000000
0000000001111111111110000000
0000000001111101111100000000
0000000011111101111110000000
0000000011111001111110000000
0000000011111001111100000000
0000000011111001111100000000
0000000011111001111100000000
0000000001111001111110000000
0000000001111001111110000000
0000000001111000111110000000
0000000001111000111110000000
0000000001111000111110000000
0000000000111000111110000000
0000000000111000111110000000
0000000000111100111110000000
0000000000111100111100000000
0000000000111100111100000000
0000000000111100111100000000
0000000000011000010100000000