0000000000000000011000000000
0000000100111111111111000000
0000010000111111111100000000
0000011000111001111100000000
0000011100111111111100100000
0000111100111111111101100000
0000011111111111111101100000
0000001111111111111101000000
0000000111111111111110000000
0000000011111111111100000000
0000000011111111111100000000
0000000011111111111100000000
0000000011111111111100000000
0000000011111011111100000000
0000000011111111111000000000
0000000011111111111100000000
0000000001111111111100000000
0000000011111111111000000000
0000000010111111111000000000
0000000011111111111100000000
0000000011111111111100000000
0000000011111100111010000000
0000000111111111111010000000
0000000111111111111110000000
0000000111111111111110000000
0000000111111111111110000000
0000000011111111111100000000
0000000000001100010000000000