0000000000000000000000000000
0000000000000000000000000000
0000000000000000000000000000
0000000000000000000000000000
0000000000000000000000000000
0000000000000000111111110000
0000011111111111111111111110
0000011111111111111111111100
0000011111111111111111111000
0011111111111111111111111110
0010111111111111111111111110
0000111111111111111111111110
0010111111111111111111111110
0100111111111111111111111110
0100111111111111111111111110
0100111111111111111111111110
0100111111111111111111111110
0110111111111111111111111110
0010111111111111111111111110
0010111111111111111111111100
0010111111111111111111111100
0001111111111111111111111100
0001111111111111111111111000
0000111111111111111111110000
0000000000000000000000000000
0000000000000000000000000000
0000000000000000000000000000
0000000000000000000000000000