0000000000000000000000000000
0000000000000000000000000000
0000000000000000000000000000
0000000000000000000000000000
0000000000000000000000000000
0000000000000000000000000000
0000000000000000000000000000
0000000000000000000000000000
0000000000000110100000011100
0000000000001111110000111100
0000000000011111111111111100
0000000000011111111111111110
0000000110011111111111111110
0000001111111111111111111110
0000001111111111111111111110
0011111111111111111111111110
0111111111111111111111111110
1111111111111111111111111110
0111111111111111111111111100
0011111111111111111111111110
0000111111111111111111111100
0000000000000000000000000000
0000000000000000000000000000
0000000000000000000000000000
0000000000000000000000000000
0000000000000000000000000000
0000000000000000000000000000
0000000000000000000000000000