0000000000001111000000000000
0000000000011001110000000000
0000000000110000111000000000
0000000001100000011000000000
0000000011000000011100000000
0000000011000000001110000000
0000000110000000001110000000
0000000110000000000110000000
0000000110000000000111000000
0000001110000000000001000000
0000001100000000000001000000
0000001100000000011001100000
0000010111100000111010100000
0000011111100000111010100000
0000011111100110011111100000
0000011111001111001111100000
0000011111111111111111100000
0000011111111111111111100000
0000011111111111111111100000
0000011111111111111111110000
0000011111111111111111110000
0000011111111111111111110000
0000111111111111111111110000
0000111111111111111111110000
0000111111111111111111110000
0000111111111111111111110000
0000011111111111111111100000
0000011001111111111001100000