0000000000000000000000000000
0000000000000000000000000000
0000000000000000000000000000
0000000000000000000000000000
0000000000000000000000000000
0000000000000000000000000000
0000000000000000000000000000
0000000000000000000000000000
0000000000000000000111000000
0000000000000000111111000000
0000000000000001111110000000
0000000000000111111111111000
0000000000000011111111111100
0000000000000111111111111110
0000000010001111111111111110
0000011111011111111111111110
0000000001111101111111111110
0000001111111111111111111110
0011111111111111111111111110
0111111111111111111111111110
0111111111111111111111111110
0011111111111111111111111110
0111111111111111111111111100
0000000111111111101000000000
0000000000000000000000000000
0000000000000000000000000000
0000000000000000000000000000
0000000000000000000000000000