0000000000000000000000000000
0000000000000000000000000000
0000000000000000000000000000
0000000000000000000000000000
0000000000000000000000000000
0000000000000000000000000000
0000000000000000000000000000
0000000000000000111111000000
0000000000000001111111111110
0000000000000011111111111110
0000000000000111111111111110
0000000000011111111111111110
0000000000111111111111111110
0000000111111111111111111110
0000011111111111111111111111
0010111111111111111111111111
0111111111111111111111111111
0111111111111111111111111111
0111111111111111111111111111
0011111111111111111111111111
0000111111111111111111111111
0000000000000000000001000000
0000000000000000000000000000
0000000000000000000000000000
0000000000000000000000000000
0000000000000000000000000000
0000000000000000000000000000
0000000000000000000000000000