0000000000000000000000000000
0000000000000000000000000000
0000000000000000000000000000
0000000000000000000000000000
0000000000000000000000000000
0000000000000000000000000000
0000000000000000000000000000
0000000000000000000000000000
0000000000000111011111111000
0001111111111111111111111100
0011111110011111111111111110
0011111110011111111111111110
0111111111111111111111111111
0111111111111111111111111110
0111111111111111111111111110
0111111111111111111111111111
0111111111111111111111111111
0111111111111111111111111111
0111111111111111111111111111
0111111111111111111111111110
0111111111111111011100000000
0001111111111000000000010000
0000000000000000000000000000
0000000000000000000000000000
0000000000000000000000000000
0000000000000000000000000000
0000000000000000000000000000
0000000000000000000000000000