0000000000000000000000000000
0000000000001111100000000000
0000000001110111001100000000
0000001111110010011111100000
0000011111111111111111100000
0000011111111111111111100000
0000011111111111111111110000
0000111111111111111111110000
0001111111111111111111111000
0001111111111111111111111000
0011111111111111111111111100
0001111111111111111111111100
0000111111111111111111111110
0001111111111111111111110110
0001111111111111111111110000
0000011111111111111110000000
0000011111111111111110010000
0000011111111111111111110000
0000011111111111111111110000
0000011111111111111111110000
0000011111111111111111110000
0000011111111111111111100000
0000001111111111111111100000
0000001111111111111111100000
0000001111111111111111000000
0000000111111111111111000000
0000000111111111111110000000
0000000000000000000000000000