0000000000000010000000000000
0000000000001111110000000000
0000000000001001001000000000
0000000000010001101000000000
0000000000010000100100000000
0000000000100000110100000000
0000000000100000010100000000
0000000000100000011100000000
0000000000100000001100000000
0000000000100000001100000000
0000000000000000001100000000
0000000011000011111111111000
0000000011011111111111111000
0000000111111111111111111000
0000011111111111111111111100
0000111111111111111111111100
0000111111111111111111111100
0001111111111111111111111100
0010111101111111111111111100
0000111111111111111111111110
0000111111111111111111111110
0000111111111111111111111110
0101111111111111111111111110
0111111111111111111111111110
0111111111111111111111111110
0011111111111111111111111110
0011111111111111111111111110
0000001111110000000000000000