0000000000011111110000000000
0000000000011111111000000000
0000000000011111111000000000
0000000000011111111100000000
0000000000111111111100000000
0000000000111111111100000000
0000000000111111111100000000
0000000000111111111100000000
0000000000111101111100000000
0000000001111101111000000000
0000000001111101111000000000
0000000000111100111100000000
0000000000111100111100000000
0000000000111100111100000000
0000000000111101111100000000
0000000000111101110000000000
0000000000111001110000000000
0000000000111001110000000000
0000000000111001110000000000
0000000000111001110000000000
0000000000111001110000000000
0000000000111001110000000000
0000000000111101110000000000
0000000000111001110000000000
0000000000111001110000000000
0000000000111101110000000000
0000000000111101110000000000
0000000000011000110000000000