0000000000000000000000000000
0000000000000000000000000000
0000000000000000000000000000
0000000000000000000000000000
0000000000000000000000000000
0000000000000000000000000000
0000000000000000000000000110
0000000000000000111100000000
0000000000000000111111111100
0000000000000000111111111100
0000000000000000111111111100
0000000000000001111111111100
0000000000000001111111111100
0000000000000011111111111100
0000000000000111111111111110
0000000000001111111111111110
0000000000111111111111111110
0000000001101111111111111110
0011111111001111111111111110
0111111000111111111111111110
0111110111111111111111111110
1111111111111111111111111110
0111111111111111100111111110
0000001111111000000111111110
0000000000000000000000000000
0000000000000000000000000000
0000000000000000000000000000
0000000000000000000000000000