0000000000000000000000000000
0000000011111000011110000000
0000000111111111111110000000
0000000111111111111100000000
0000001111111111111100000000
0000001111111111111111000000
0000001111111111111111000000
0000001111111111111111000000
0000000111111111111110000000
0000000111111111111110000000
0000000111111111111111000000
0000000011111111111110000000
0000000011111111111100000000
0000000011111111111110000000
0000000011111011111110000000
0000000011111111111100000000
0000000011111111111110000000
0000000001111011111110000000
0000000001111011111100000000
0000000011111111111110000000
0000000011111011111100000000
0000000011111111111100000000
0000000011111111111110000000
0000000001111011111010000000
0000000011111101111100000000
0000000011111111111110000000
0000000001111111111010000000
0000000001110000111000000000