0000000000000000111110001000
0000000000000011111111111100
0000000000000011111111111000
0000000000000011111111111000
0000000000000011111111111000
0000000000000011111111111000
0000000000000011111111111000
0000000000000011111111111000
0000000000000011111111111000
0000000000000111111111111000
0000000000000111111111111100
0000000000000111111111111100
0000000000001111111111111100
0000000000001111111111111110
0000000000001111111111111110
0000000000011111111111111110
0000000000011111111111111110
0000000000011111111111111110
0000000000111111111111111110
0000000000111111111110111110
0000000011111111111000111110
0000001111111111110000111100
0001111111111111100000111100
0011110111111111100000111100
0011111111111111000000111100
0011111111111110000000111100
0001111111111110000000111100
0000000001110000000000100000