0000000000000000000000000000
0000000000000000000000000000
0000000000000001111111111100
0000000000000111111111111000
0000000000000001111111111000
0000000000000001111111111100
0000000000000001111111111100
0000000000000001111111111100
0000000000000001111111111100
0000000000000010111111111100
0000000000000010111111111100
0000000000000010111111111110
0000000000000000111111111110
0000000000000000111111111110
0000000000001110111111111110
0000000000001110111111111110
0000000000010110111111111110
0000000000001010111111111110
0000000000011110111101111110
0000000000111111111111111110
0000000101111011111100111110
0000001001111111110000111110
0000010011101111100000111110
0111100111111111000000111110
0111111111111110000000111110
0011111111111000000000111110
0000000000000000000000000000
0000000000000000000000000000