0000000000000000000000000000
0000000000000000000000000000
0000000000000000000000000000
0000000000000000000000000000
0000000000000000000000000000
0000000000000001111000000000
0000000000000001111111111100
0000000000000001111111111110
0000000000000001111111111100
0000000000000011111111111110
0000000000000011111111111110
0000000000000011111111111110
0000000000000111111111111110
0000000000001111111111111110
0000000000011111111111111110
0000000000011111111111111111
0000000000111111111111111111
0000000001111111111111111111
0000000111111111111111111111
0001111111111111111111111111
1111111111111111111111111110
1111111111111111100001111110
0001111111111110000001111111
0000000001100000000000100000
0000000000000000000000000000
0000000000000000000000000000
0000000000000000000000000000
0000000000000000000000000000