0000000000000000000000000000
0000000000000000000000000000
0000000000000000100000000000
0000000000000011111111111100
0000000000000011111101111100
0000000000000011111111111100
0000000000000111111111111100
0000000000001111111111111100
0000000000001111111111111100
0000000000001111111111111100
0000000000001111111111111110
0000000000011111111111111110
0000000000011111111111111110
0000000000011111111111111110
0000000000111111111111111110
0000000000111111111111111110
0000000000111111111111111110
0000000001111111111111011100
0000000011111111111100111100
0000001111111111111000111100
0011111111111111110000111100
0111111111111111110000111100
0111111111111111100000111100
0111111111111111000000111100
0011111111111110000000111100
0000111111111100000000011100
0000000001111000000000000000
0000000000000000000000000000