0000000000011111110000000000
0000000000111111111000000000
0000000001111111111100000000
0000000001111111111100000000
0000000001111111111100000000
0000000001111111111100000000
0000000010111111111100000000
0000000010111111111100000000
0000000011111111111010000000
0000000011111111111010000000
0000000011111111111100000000
0000000011111101111100000000
0000000011111101111100000000
0000000011111101111100000000
0000000011111101111100000000
0000000011111101111100000000
0000000011111101111100000000
0000000011111101111100000000
0000000011111101111100000000
0000000011111101111100000000
0000000011111101111110000000
0000000011111101111110000000
0000000011111101111110000000
0000000011111101111110000000
0000000011111101111110000000
0000000011111101111110000000
0000000011111101111110000000
0000000011110000000000000000