0000000010000000000100000000
0000011111111111111111000000
0000111100011111000111100000
0000111111100110111111110000
0000111111111001111111110000
0001111111111111111111110000
0001111111111111111111111000
0001111111111011111011111000
0001111111111111111111111000
0001111111111111111111111000
0001111111111111111111111000
0001111111111111111101111000
0011111011111111111100111100
0011110011111111111100111100
0011110011111111111100111100
0011110011111111111100111100
0011110011111111111100011100
0011110011111111111100011100
0011100111111111111110011100
0011100111111111111110011100
0011100111111111111110011100
0011100111111111111111011100
0011101111111111111111011100
0011101111111111111111111100
0011111111111111111111111100
0000011111111111111111100000
0000011111111111111111100000
0000000000011110000000000000