0000000001100000000011000000
0000000011111100011111100000
0000000011111111111111100000
0000000001111111111111100000
0000000001111111111111100000
0000000011101111111001100000
0000000011111111111110000000
0000000011111111111111000000
0000000011111111111111100000
0000000111111111111111100000
0000001111111111111111100000
0000001111111111111111100000
0000001111111111111111100000
0000001111111111111111100000
0000001111111111111111100000
0000001111111111111111100000
0000001111111111111111100000
0000001111111111111111100000
0000001111111111111111100000
0000001111111111111111100000
0000001111111111111111100000
0000001101111111111111100000
0000001111111111111111100000
0000001111111111111111100000
0000001111111111111111100000
0000001111111111111111100000
0000001111111111111111100000
0000001111111111111111100000