0000000000000000001000000000
0000001111111111111111100000
0000011111111111110100110000
0000111000001111100000011000
0000110000000000000000011000
0000000000111111111110000000
0000000111111111111111100000
0001001111111111111111100100
0011111110000000000001111110
0001111000000000000001111110
0000001100000000000001110000
0000000000011111111000000000
0000000111111111111111000000
0000000111111111111111000000
0000000111100000000001000000
0000000000000000000000000000
0000000000000000000000000000
0000000000000000000000000000
0000000111111111111111000000
0000000111111111111111000000
0000000111111111111111000000
0000000000000000000000000000
0000000000000000000000000000
0000000000000000000000000000
0000000111111111111111000000
0000000111111111111111000000
0000000111111111111101000000
0000000000000000000000000000