0000000000001000010000000000
0000000000111111111100000000
0000000111110110111111000000
0000001111011011110101100000
0000011011011111011101110000
0000011110011110011101110000
0000010100101000100001110000
0000011101111101110110110000
0000001111111101010111100000
0000111101001001001111001000
0000110111111111011110111000
0000100111011100001011111000
0001111100101000110011101100
0000111111111100110111111000
0000000011101111111111000000
0000000011101111001010000000
0000000011101111011110000000
0000000011111001110110000000
0000000011011001000110000000
0000000011111111011110000000
0000000010111110011010000000
0000000000001000100000000000
0000000011101100110110000000
0000000011111101110110000000
0000000011011001000111000000
0000000111111111011111000000
0000000110111111011011000000
0000000001001000000010000000