0000000000010000010000000000
0000000011111111111110000000
0000011111111111111111100000
0000111111111111111111110000
0000111111111111111111110000
0001111111111111111111111000
0001111111111111111111111000
0001111110000010000011111000
0001111110000010100011111000
0001111110001000000011111000
0001111110001111110011111000
0000000110111111111010000000
0000000111111111111110000000
0000000111111101111110000000
0000000011111111111110000000
0000000011111111111110000000
0000000011111111111110000000
0000000011111111111110000000
0000000011111111111110000000
0000000011111111111110000000
0000000011111111111110000000
0000000011111111111110000000
0000000011111111111110000000
0000000011111111111110000000
0000000011111111111110000000
0000000011111111111110000000
0000000011111111111110000000
0000000011111111111110000000