0000000000111111110000000000
0000000111111111111110000000
0000011111111111111111100000
0000011111111111111111100000
0000111111111111111111110000
0000111111111111111111110000
0000111111101000011111111000
0001111111001000001111111000
0001111111111111111111111000
0001111111111111111111111100
0001111111111111111011111100
0000011111111111111111100000
0000000111111111111110000000
0000000111111111111110000000
0000000111111111111110000000
0000000111111111111110000000
0000000111111111111110000000
0000000111111111111110000000
0000000111111111111110000000
0000000011111111111110000000
0000000011111111111110000000
0000000011111111111110000000
0000000011111111111110000000
0000000111111111111110000000
0000000011111111111110000000
0000000011111111111110000000
0000000011111111111110000000
0000000011111111111110000000