0000000000010000110000000000
0000000111111111111111000000
0000011111101110011111100000
0000011111110001111111100000
0000011111111111111111100000
0000111111111111111111110000
0000111111111111111111110000
0000111111111011111011110000
0000111111001011011011110000
0001111111111110111111111000
0001111111111111111111111000
0000001011111111111101100000
0000000011100101011110000000
0000000011111111111110000000
0000000011111111111110000000
0000000011111111111110000000
0000000011111111111110000000
0000000011111111111110000000
0000000011111111111110000000
0000000011111111111110000000
0000000011111111111110000000
0000000011111111111110000000
0000000011111111111110000000
0000000011111111111110000000
0000000111111111111110000000
0000000111111111111110000000
0000000111111111111110000000
0000000111111111111110000000