0000010010000000000000100000
0000000010000000000000100000
0000000010000000000001100000
0000000011000000000001100000
0000000011000000000011100000
0000000011100000000011100000
0000000011110000001111100000
0000000111111000001111100000
0000000111111100111111100000
0000000111111111111111100000
0000000111111111111111100000
0000000111111111111111100000
0000000111111111111111100000
0000000111111111111111100000
0000000111111111111111100000
0000000111111111111111100000
0000000111111111111111100000
0000000111111111111111100000
0000000111111111111111100000
0000000111111111111111100000
0000000111111111111111100000
0000000111111111111111110000
0000000111111111111111110000
0000000111111111111111110000
0000000111111111111111110000
0000000111111111111111110000
0000000111111111111111110000
0000000111111111111111110000