0000000011000000001000000000
0000000111110000111110000000
0000001111111111111111000000
0000011111111111111111100000
0000011111111111111111100000
0000111111111111111111110000
0001111111111111111111111000
0000111110110111110111110000
0000011101111111111111100000
0000001111110111111011000000
0000000011011111101110000000
0000000110111111110110000000
0000000111110111101110000000
0000000110100110001110000000
0000000110111111101100000000
0000000110110011101110000000
0000000011111110111010000000
0000000111111111111110000000
0000000111111111111110000000
0000001111111111111110000000
0000000111111101111110000000
0000000110111111100110000000
0000001111111011011111000000
0000001111111111111111000000
0000001111111111111111000000
0000001111111111111111000000
0000001111111111111111000000
0000000010101111111100000000