0000000001100001111000000000
0000001111111111111111000000
0000011111111111111111100000
0000111111111111111111110000
0001111110001111111111111000
0001111111110011111111111100
0001111111111111100111111000
0000111111110010001101110000
0000001111001111011101100000
0000001111111111110111000000
0000000111011111110111000000
0000000111101111110111000000
0000000111111111110110000000
0000000111111111111011000000
0000000111111111111110000000
0000000111111110011010000000
0000000111111110011110000000
0000000111111110001110000000
0000000111111111001111000000
0000000111111011001111000000
0000000111111101111011000000
0000000111111111111011000000
0000000111111111111111000000
0000000111111111111111000000
0000000111111111111111000000
0000000111111111111111000000
0000000111111111111111000000
0000000111111100111111000000