0000000000000000000000000000
0000000011111111111100000000
0000001111111111111111100000
0000111111111111111111110000
0000111111111111111111110000
0001111111111111111111111000
0011110000000000000011111000
0011110000000000000000111100
0111111111111111111111111100
0011111111111111111111111110
0001111111111111111111111000
0000010000000000000000000000
0000000000000000000000000000
0000001111111111111111000000
0000001111111111111111000000
0000001111111111111111000000
0000001111111111111111000000
0000001111111111111111000000
0000001111111111111111000000
0000001111111111111111000000
0000001111111111111111000000
0000001111111111111111000000
0000001111111111111111000000
0000001111111111111111000000
0000001111111111111111000000
0000000111111111111111000000
0000001111111111111111000000
0000000000000000000000000000