0000000000111111110000000000
0000000111111111111110000000
0000011111111111111111100000
0000011111111111111111100000
0000111111111111111111110000
0000111111110101111111110000
0001111110111001110011111000
0001111100111111111011111000
0001111111111111111111111000
0011111111111001111111111100
0001111111111111110111110000
0000000111111111110110000000
0000000111111001111110000000
0000000111111001111110000000
0000000110001111111110000000
0000000110101111101110000000
0000000111111111111110000000
0000000111011011111110000000
0000000111111111100110000000
0000000111111111100110000000
0000000111111111111110000000
0000000111111111111110000000
0000000111111111111110000000
0000000111111111111110000000
0000000111111111111110000000
0000000111111111111110000000
0000000111111111111110000000
0000000000000000000000000000