0000000000111101111000000000
0000000111111111111111000000
0000001111111111111111100000
0000011111111101111111100000
0000011111111111111111110000
0000011001111111111011110000
0000111111111111111111111000
0000101111111111111111111000
0000101110010000010111111000
0001111110100000000111111100
0000001111111111111111110000
0000000111111111111111000000
0000000110111111111111000000
0000000111110011111110000000
0000000111111111111110000000
0000000111111111111110000000
0000000111111111111110000000
0000000111111111111110000000
0000000111111111111110000000
0000000111111111111110000000
0000000111111111111110000000
0000000111111111111110000000
0000000111111111111110000000
0000000111111111111111000000
0000000111111111111111000000
0000000111111111111110000000
0000000111111111111110000000
0000000111111111111110000000