0000000000001100110000000000
0000000001111111111000000000
0000000111111111101111000000
0000011111111111011111110000
0000011111111111111111110000
0000111111111111111101110000
0000111111111111111110111000
0000111111111111111101111000
0000111111111111101001111000
0001111111111111111101111000
0001111111111111111101111100
0000011011111111111101110000
0000000011111111111100000000
0000000011111111111100000000
0000000011111111111100000000
0000000011111111111100000000
0000000011111111111100000000
0000000011111111111110000000
0000000011111111111100000000
0000000011111111111100000000
0000000011111111111100000000
0000000011111111111110000000
0000000011111111111110000000
0000000011111111111110000000
0000000011111111111110000000
0000000011111111111110000000
0000000011111111111110000000
0000000000111111110000000000