0000000000001111000000000000
0000000000011111100000000000
0000000000111110110000000000
0000000011111111111100000000
0000011111111111111111100000
0000111111111111111111110000
0001111111111111111111010000
0001111111111101111111111000
0001111111111111111111111000
0001111111111111111111111000
0001111111111101111111101000
0011111111111101111111101000
0011110111111111111101111000
0001110111111111111100110000
0000000111111101111100000000
0000000111111111111100000000
0000000111111111111100000000
0000000111111111111100000000
0000000111111111111100000000
0000000111111111111100000000
0000000111111111111100000000
0000000111111111111100000000
0000000111111111111100000000
0000000111111111111100000000
0000000111111111111100000000
0000000111111111111110000000
0000000011111111111100000000
0000000000001000000000000000