0000000001100000001100000000
0000001111111111111111100000
0000011111111111111111110000
0000111111111111111111111000
0001111111111111111111111100
0011111111111111111111111110
0111111111111111111111111111
0011111111111111111111111110
0001111111110000011111111100
0000111111110010011111111000
0000011111110011011111110000
0000011111111010011111100000
0000001111110000001111100000
0000001111110000001111100000
0000001111100000000111100000
0000001111100000000111100000
0000000111111111111111100000
0000000111111111111111100000
0000000111111111111111100000
0000000111111111111111100000
0000000111111111111111100000
0000000111111011111111100000
0000000111111111111111100000
0000000111110000011111100000
0000000111110000001111100000
0000000111111111111111100000
0000000111111111111111100000
0000000111111111111111100000