0000000000000000000000000000
0000000000111111111000000000
0000000001111111110100000000
0000000001011111100100000000
0000000001011111100100000000
0000000011000000000100000000
0000000011001111100110000000
0000000011001111101110000000
0000000011111111101110000000
0000000111101111111110000000
0000000111110111111110000000
0000000111111110111110000000
0000000011111110111110000000
0000000011111111111110000000
0000000011111111111110000000
0000000011111111111110000000
0000000011111111111100000000
0000000011111111111100000000
0000000011111111111100000000
0000000011111111111110000000
0000000011111111111110000000
0000000011111111111110000000
0000000111111111111111000000
0000000111111111111111000000
0000000111111111111111000000
0000001111111111111111000000
0000001111111111111111100000
0000000111111111111111000000