0000000000100000001000000000
0000001111111000111111100000
0000011111111111110111110000
0000111111111111111111111000
0000111111111111111111111000
0001111111111111111111111100
0001111111111111111111111100
0001111111111110111111111100
0001111111111011110111111100
0001111111111111111111111100
0000001111111011111111100000
0000000011111111111111000000
0000000011111111110010000000
0000000011110010110010000000
0000000011000111110010000000
0000000011111111110110000000
0000000011111011111110000000
0000000011111111111110000000
0000000011111111111110000000
0000000011111111111110000000
0000000011111110111110000000
0000000111111100111111000000
0000000110111111111111000000
0000000111111111111111000000
0000000111111111101101000000
0000000100111111000001000000
0000000100001110000001000000
0000000000000000000000000000