0000000000000000010000000000
0000000111111111111111100000
0000011111111111111111110000
0000011111111111111111110000
0000111111111111101111111000
0000111110010010111011111000
0001111101111000011101111100
0001101101110011111101111100
0001101110111111111011111110
0011101111111010011101111110
0000001111110000011101110000
0000000110111010010011000000
0000000111000000000111000000
0000000111111111111111000000
0000000111111111111111000000
0000000011111111111111000000
0000000011111111111111000000
0000000011111111111111000000
0000000011111111111111000000
0000000011111111111111000000
0000000111111111111111000000
0000000111111111111111000000
0000000111111111111111000000
0000000111111111111111000000
0000000111111111111111000000
0000000111111111111111000000
0000000111111111111111100000
0000000011111111100000000000