0000000000000000000000000000
0000000011100000111000000000
0000000011111111111000000000
0000000011111011111000000000
0000000011111011111000000000
0000000011111011111000000000
0000000001111111111000000000
0000000001111111111000000000
0000000001111111111000000000
0000000001111111111000000000
0000000001111111111000000000
0000000001111111111000000000
0000000001111111111000000000
0000000001111111111000000000
0000000001111111111000000000
0000000001111111111000000000
0000000011111111111000000000
0000000011111111111100000000
0000000011111111111100000000
0000000011111111111100000000
0000000011111111111100000000
0000000011111111111110000000
0000000111111111111110000000
0000000111111001111110000000
0000000111111001111110000000
0000000011111001111100000000
0000000001111101111000000000
0000000000011001100000000000