0000000001110000111000000000
0000001111111111111111000000
0000001111011111101111100000
0000011111111001111111100000
0000011111111111111111100000
0000011111111111111111110000
0000111111111111111111110000
0000111111111111111111110000
0000111111111111111111110000
0000111111111111111111111000
0001111111111111111111111000
0000011111111111111111110000
0000000011111111111100000000
0000000011111111111100000000
0000000011111111111110000000
0000000011111111111110000000
0000000011111111111110000000
0000000011111111111110000000
0000000011111111111110000000
0000000011111111111110000000
0000000011111111111110000000
0000000011111111111110000000
0000000011111111111110000000
0000000011111111111110000000
0000000011111111111110000000
0000000011111111111110000000
0000000011111111111110000000
0000000011111111111110000000