0000000000000100000000000000
0000000000011111000000000000
0000000000111111100000000000
0000000011111111111100000000
0000001111111111111111000000
0000011111111111111111100000
0000011111111111111111110000
0000111100111111111111110000
0000111100111111111111110000
0000111111111111111111110000
0001111111111111111111111000
0000111111001010001111110000
0000000110101010001110000000
0000000010011111110110000000
0000000011111111111110000000
0000000011111111111100000000
0000000011111111111100000000
0000000011111111111100000000
0000000011111111111110000000
0000000011111111111110000000
0000000011111111111110000000
0000000011111111111110000000
0000000011111111111110000000
0000000011111111111110000000
0000000011111111111110000000
0000000011111111111110000000
0000000011111111111110000000
0000000011111111111110000000