0000000000111111111100000000
0000001111111111111111000000
0000111111111111111111110000
0000111111111111111111111000
0001111111111111111111111000
0001111111111111111111111000
0001011111111111111111111000
0011111111000011011111111100
0011111111111011111111111100
0011111111111011111111111000
0000001111010010101111000000
0000001111101110011110000000
0000001111111000000110000000
0000001111111000000110000000
0000001111111000001110000000
0000001111111000000110000000
0000001111111000000110000000
0000001111111000000110000000
0000001111111100101110000000
0000001111111100001110000000
0000001111111100011010000000
0000001111111100001010000000
0000001111111100001010000000
0000001111111100001110000000
0000001111111110100010000000
0000001111111111110010000000
0000001111111111101110000000
0000000111111111000000000000