0000000000000000010000000000
0000000000111111100000000000
0000000000001111100000000000
0000000000000110000000000000
0000000000000000000000000000
0000000001100111110000000000
0001001011111111101110000000
0000000111111111001100000000
0000001111100011011011000000
0000001111001111111111000000
0000000011111111001100000000
0000000011110011000110000000
0000000011111111111000000000
0000000111100000000000000000
0000000011111111110110000000
0000000011111111111110000000
0000000011111111111110000000
0000000011111110111110000000
0000000011111111111110000000
0000000011111111111110000000
0000000011111111111110000000
0000000011111111100110000000
0000000011111111110110000000
0000000011111101111110000000
0000000011111111111110000000
0000000111111111111010000000
0000000011110000010000000000
0000000000000000000000000000