0000000000111111110000000000
0000000011111111111100000000
0000001111111111111111000000
0000011111111111111111100000
0000111111111111111111110000
0000111110111111111111110000
0000111111110111111111110000
0000111111111111111111110000
0000111111011111111111110000
0000111111110110111111111000
0001111111101111001111111000
0000011111111111111111100000
0000000111111111111110000000
0000000111110011111110000000
0000000111111111111110000000
0000000111111111111110000000
0000000111111111111110000000
0000000111111111111110000000
0000000111111111111110000000
0000000111111111111110000000
0000000111111111111110000000
0000000111111111111110000000
0000000111111111111110000000
0000000111111111111110000000
0000000111111111111110000000
0000000111111111111110000000
0000000111111111111110000000
0000000111111111111110000000