0000000000000000000000000000
0000000011110000011110000000
0000000011111111111110000000
0000000011111111111100000000
0000000011111111111110000000
0000000111111111111110000000
0000000100000000000010000000
0000001111111110111111000000
0000000100000000111110000000
0000000111111111111111000000
0000001111111111111111000000
0000001111111111111111000000
0000001111111111111111000000
0000001111111111111111000000
0000000000000000000000000000
0000000110000101100111000000
0000000100000000000001000000
0000001111111111111111000000
0000000111111111111111000000
0000001111111111111111000000
0000000111111111111111000000
0000000100000000000001000000
0000000111111101111111000000
0000000100000000000001000000
0000001111111111111111000000
0000001111111111111111000000
0000001111111111111111000000
0000000011111111111110000000