0000000000011000110000000000
0000000001111111111100000000
0000000111111111111111000000
0000001111111111111111100000
0000001111111111111111100000
0000011111011111111111110000
0000011111111111110011110000
0000011111111111111111110000
0000011111111111111111110000
0000111111000000000111111000
0000111111011111111111111000
0000011101111111111110100000
0000000001111111111110000000
0000000001111111111110000000
0000000001111111111110000000
0000000001111111111110000000
0000000001111111111110000000
0000000001111111111110000000
0000000001111111111110000000
0000000001111111111110000000
0000000001111111111110000000
0000000001111111111110000000
0000000011111111111110000000
0000000011111111111110000000
0000000011111111111111000000
0000000011111111111111000000
0000000011111111111111000000
0000000001111001111010000000