0000000000010000010000000000
0000000111111111111110000000
0000001111111111111111100000
0000011111111111111111110000
0000011111111000111111110000
0000011111110010001111110000
0000111111101111101111111000
0000111111001111110111111000
0000111110011000110111111000
0000111111011000110111111000
0000111111011101110111111000
0000001111001111100111100000
0000000011111111000110000000
0000000011110000011111000000
0000000011111111111110000000
0000000011111111111110000000
0000000011111111111110000000
0000000011111111111110000000
0000000011111111111110000000
0000000011111111111110000000
0000000011111111111110000000
0000000011111111111110000000
0000000011111111111110000000
0000000011111111111111000000
0000000011111111111111000000
0000000011111111111111000000
0000000011111111111111000000
0000000011110011111110000000