0000000000000000000000000000
0000000000000000000000000000
0000000000000000000000000000
0000000000000000000000000000
0000000000000000000000000000
0000000000000000000000000000
0000000000000010000000000000
0000000000011111110000000000
0000000001111111110000000000
0000000101111111111100000000
0000000001100010111100000000
0000000011001111001100000000
0000000101011101101110000000
0000000111111111101110000000
0000000111111111111110000000
0000000101111101111110000000
0000000111101111101100000000
0000000111100111011100000000
0000000111110110111000000000
0000000110111111111000000000
0000000111111111111100000000
0000000111011111100100000000
0000000111000100111000000000
0000000111001011111000000000
0000001110001111100000000000
0000001110001101100000000000
0000000110000001100000000000
0000000010000001100000000000