0000000000001111100000000000
0000000000001111110000000000
0000000001111111111000000000
0000000111111111111111000000
0000001111111111111111100000
0000011111111111111111110000
0000011111111111111111110000
0000011111111111111111110000
0000111111111111111101111000
0000111111111111111101111000
0000000011111111111001100000
0000000011111111111100000000
0000000011111111101100000000
0000000011111111101100000000
0000000001111111101100000000
0000000011111111100100000000
0000000011111111110100000000
0000000011111110110100000000
0000000011111110110100000000
0000000011111110111100000000
0000000011111110110100000000
0000000001111110110100000000
0000000001111110110100000000
0000000001111110110100000000
0000000001111110111100000000
0000000001111110111100000000
0000000001111110111100000000
0000000001111110011000000000