0000000000000000110000000000
0000000011111111111111000000
0000000111111111111111000000
0000001111111111111111100000
0000001111111111011011100000
0000001111111111011011110000
0000011111111111111111110000
0000011111101010111111110000
0000011111110010111101111000
0000111110111111111101110000
0000000110111111111111000000
0000000011111100011110000000
0000000011111011110110000000
0000000011111101101110000000
0000000011111011110110000000
0000000010111011110110000000
0000000011111011111010000000
0000000011010111111010000000
0000000011111111111110000000
0000000011111111111110000000
0000000011111111111110000000
0000000011111001111110000000
0000000000000000000010000000
0000000011111111111111000000
0000000011111111111111000000
0000000011111111111111000000
0000000010111001000111000000
0000000000000000000000000000