0000000000111111100000000000
0000000000111111110000000000
0000000001111111000000000000
0000000001111111111000000000
0000000001111111111000000000
0000000001111111111000000000
0000000001111111110000000000
0000000001111111110000000000
0000000001111111110000000000
0000000001111011110000000000
0000000001111011110000000000
0000000001111011110000000000
0000000001111011110000000000
0000000001111101111000000000
0000000001111101111000000000
0000000000111101111000000000
0000000000111001110000000000
0000000000111001110000000000
0000000000111001110000000000
0000000000111001110000000000
0000000000111001111000000000
0000000000111001111000000000
0000000000111001110000000000
0000000000111001110000000000
0000000000111001110000000000
0000000000110001110000000000
0000000000111000110000000000
0000000000110000110000000000