0000000001111111111000000000
0000000001111111111000000000
0000000011111111111000000000
0000000011111111111000000000
0000000011111111111100000000
0000000011111111111100000000
0000000011111111111100000000
0000000011111111111100000000
0000000011111111111100000000
0000000011111111111100000000
0000000011111111111100000000
0000000011111101111100000000
0000000001111101111000000000
0000000001111101111000000000
0000000001111101111000000000
0000000001111101111000000000
0000000001111101111100000000
0000000001111101111100000000
0000000001111101111100000000
0000000001111101111100000000
0000000001111101111100000000
0000000001111101111100000000
0000000001111101111100000000
0000000001111101111100000000
0000000001111101111100000000
0000000001111101111100000000
0000000001111101111100000000
0000000000111000111000000000