0000000000111111111100000000
0000000000111111111100000000
0000000001111111111100000000
0000000001111111111100000000
0000000001111111111100000000
0000000001111111111100000000
0000000001111111111100000000
0000000001111101111100000000
0000000001111101111100000000
0000000001111101111100000000
0000000001111001111100000000
0000000001111001111000000000
0000000001111001111000000000
0000000001111001111000000000
0000000001111001111000000000
0000000001111000111000000000
0000000001111000111000000000
0000000001111001111000000000
0000000001111001111000000000
0000000001111001111000000000
0000000001111001111000000000
0000000000111001110000000000
0000000000111001110000000000
0000000000111001110000000000
0000000000111001110000000000
0000000000111001110000000000
0000000000111001100000000000
0000000000111001100000000000