0000000000000000000000000000
0000000001111111111000000000
0000000001111111111000000000
0000000001111111111000000000
0000000001111111111000000000
0000000011111111111100000000
0000000011111111111100000000
0000000011111111111100000000
0000000011111111111100000000
0000000011111111111100000000
0000000011111111111100000000
0000000011111111111100000000
0000000011111111111100000000
0000000011111001111100000000
0000000011111001111100000000
0000000011111001111100000000
0000000011111001111100000000
0000000011111001111100000000
0000000011111001111100000000
0000000011110000111100000000
0000000011110000111100000000
0000000011110000111110000000
0000000111110000111110000000
0000000111110000111110000000
0000000111110000111110000000
0000000111110000011110000000
0000000111100000011110000000
0000000001100000010000000000