0000000000111111111100000000
0000000001111111111100000000
0000000001111111111100000000
0000000001111111111110000000
0000000001111111111110000000
0000000011111111111110000000
0000000011111111111110000000
0000000011111111111110000000
0000000011111111111110000000
0000000011111111111110000000
0000000011111001111110000000
0000000111111001111110000000
0000000111110000111100000000
0000000111110000111100000000
0000000111110000111100000000
0000000111110000111100000000
0000000111110000111100000000
0000000111110000111100000000
0000000011110000111100000000
0000000011110000111100000000
0000000011110000111100000000
0000000011110000111100000000
0000000001110000111000000000
0000000001110000111000000000
0000000001110000111000000000
0000000001110000111000000000
0000000000110000111000000000
0000000000110000011000000000