0000000000101110110000000000
0000000001111111110000000000
0000000001111111111000000000
0000000001111111111000000000
0000000001111111111000000000
0000000001111111111000000000
0000000001111111111000000000
0000000001111111111000000000
0000000001111111111000000000
0000000001111111111000000000
0000000001111111111000000000
0000000001111111111000000000
0000000001111101111000000000
0000000001111101111000000000
0000000001111101110000000000
0000000001111101110000000000
0000000000111001110000000000
0000000000111001110000000000
0000000000111001110000000000
0000000000111001110000000000
0000000000111001110000000000
0000000000111101110000000000
0000000000111101110000000000
0000000000111101110000000000
0000000000111101110000000000
0000000000111101110000000000
0000000000111101110000000000
0000000000111101110000000000