0000000011111111111000000000
0000000011111111111000000000
0000000011111111111000000000
0000000011111111111100000000
0000000011111111111100000000
0000000011111111111100000000
0000000011111111111100000000
0000000011111111111100000000
0000000011111011111100000000
0000000011111011111100000000
0000000011111011111100000000
0000000011111011111000000000
0000000011111001111000000000
0000000001111001111000000000
0000000001111001111000000000
0000000001111001111000000000
0000000001111001111000000000
0000000001111001111000000000
0000000001111001111000000000
0000000001110001111000000000
0000000001110001111000000000
0000000001111001111000000000
0000000001111001111000000000
0000000001111001111000000000
0000000001111000111000000000
0000000001110000111000000000
0000000001111000111000000000
0000000001000000100000000000