0000000000000000000000000000
0000000001111111111100000000
0000000011111111111110000000
0000000111111011111111000000
0000011111111111111111100000
0000011111111111111111100000
0000011111111111111111110000
0000111111011111011111110000
0000111111011111111111110000
0000111111110100001111110000
0000111111011111111111110000
0000111111111011111111110000
0000111111110110010011110000
0000111110101101110111110000
0000111110101000100111110000
0000111110111010001111110000
0000111111111111111111110000
0000111111111111111111110000
0000111111111111111111110000
0000111111111111111111110000
0000111111111111111111111000
0000111111111111111111111000
0000111111111111111111111000
0001111111111111111111111000
0001111111111111111111111000
0001111111111111111111110000
0000111000000000000001110000
0000110000000000000000110000