0000000001111101011000000000
0000000111111111011111000000
0000001100111010111001100000
0000001111011111111011100000
0000001110001111101111100000
0000001110000111001111100000
0000001111000000001111100000
0000001111001111111111110000
0000011111111111111111110000
0000011111111111111111110000
0000011111111111111111110000
0000011101111111111101110000
0000011101111111111101110000
0000011101111111111101111000
0000011101111111111101111000
0000011101111111111101111000
0000111001111111111100111000
0000111011111111111110111000
0000111011111111111110111000
0000111011111111111110111000
0000111011111111111110111000
0000111011111111111110111000
0000111011111111111110111000
0000111011111111111110111000
0000011011111111111110111000
0000011000000000000110111000
0000011000000000000000111000
0000011000000000000000110000