0000000001111111111100000000
0000001110111111100111000000
0000011000000000001001100000
0000010111111111100010100000
0000110111100000111010110000
0001100111100000100000111000
0001111110000000000101111000
0000111100000000000101110000
0000111111111011001111110000
0000111111111011001111110000
0000111111111000011111110000
0000111111111111011111110000
0000111111111111111011110000
0001111011111111111111111000
0001111011111101111101101000
0001011011111101111101101000
0001011011111101111101101000
0001111011111111111101111000
0001111011111111111101111000
0001111011111111111111111000
0001111111111111111111111000
0001110111111111111110111000
0001110111111111111110111000
0001110000000000000000111000
0001110000000000000000111000
0001110000000000000000111000
0001110000000000000000111000
0001110000000000000000111000