0000000000110000110000000000
0000000011111111111100000000
0000001111111111111110000000
0000001111111111111111000000
0000001111111111111111000000
0000011111111110111111000000
0000011111111111111111100000
0000011111111111111111100000
0000011111111011111111100000
0000011111101111111111100000
0000011111111111111111100000
0000011111111111111111000000
0000011111111111111110100000
0000011111111111111111000000
0000011111111111111111100000
0000011011111111111101110000
0000111011111111111101110000
0000111011111111111101110000
0000111011111111111101110000
0000111011111111111101110000
0000111011111111111101110000
0000111011111111111101110000
0000111011111111111101110000
0000011000000000000101110000
0000011000000000000001100000
0000011000000000000001100000
0000011000000000000001100000
0000011000000000000000100000