0000000000000000000000000000
0000000000000000000000000000
0000000000000000000000000000
0000000000110000010000000000
0000001111111111111110000000
0000011111111111111111000000
0000111111111111111111100000
0000111111111111111111110000
0000111111111111111111110000
0000111111111111111101110000
0001111111111111111101110000
0011111111111111111011111000
0011111111111111111011111000
0011111111111111111011111100
0111111111111111111111111100
0111111111111111111111111100
0111111111111111110110111100
1111111111110111111111111110
0111111111111111111111111110
0011111111111111111111111100
0011110111111111111111111100
0011110111111111111100111100
0011110111111111111110111100
0011110111111111111110111100
0111110111111111111110111100
0010000000000000000000111000
0000000000000000000000000000
0000000000000000000000000000