0000000001100000011000000000
0000000111111111111111000000
0000011111111111111111100000
0000111111111111111111110000
0000111111111111111111111000
0000111111111111111111111000
0000111110000000100011111000
0001111110000100000011111000
0001111000100100000001111000
0001111100000010001001111000
0001111100000010001011111000
0001111100000000000011111100
0001111111111111111111111100
0001111111111111111111111100
0001111111111111111111111100
0001111111111111111111111100
0001111111111111111111111100
0001111111111111111111111100
0001111111111111111111111100
0001111111111111111111111100
0001111111111111111111111100
0001111111111111111111111100
0001111111111111111111111100
0001111111111111111111111100
0011110111111111111111011110
0001110111111111111110011100
0001110111111111111111011100
0000000011111111111100000000