0000000000100000001000000000
0000000001111100111100000000
0000001100000000001011100000
0000010111111111111111110000
0000011000000000000000110000
0000001111111111111111110000
0000111111100000000010111000
0000101000011111111101001000
0000111111111111111111111000
0000111000000000000000111000
0000100111111111111111111000
0001111101000000000000111100
0000100100101111111111001000
0001111111111111111111111100
0001111000000000000000111100
0001111111111111111111111100
0001111101111111111110111100
0001000111110000000001101100
0001111111111111111111111100
0001100000000000000000000100
0001111111111111111111111100
0001111111111111111111111100
0001000100011111110010111100
0001111111111111111111111100
0001100000000000000000001100
0001111111111111111111111110
0001111111111111111111111100
0001100100000000000001100000