0000000000001100000000000000
0000000000001110110000000000
0000000000001000111000000000
0000000000011010111000000000
0000000000011001110000000000
0000000000011000110000000000
0000000000001000110000000000
0000000000000111100000000000
0000000000011000100000000000
0000000000011000110000000000
0000000000011001100000000000
0000000000011111110000000000
0000000000111101110000000000
0000000000110111110000000000
0000000000110111001000000000
0000000000111011011000000000
0000000000111011011100000000
0000000001110111011100000000
0000000000111011111100000000
0000000001111111111100000000
0000000001100111110100000000
0000000001111011100000000000
0000000001111011101100000000
0000000001110111000110000000
0000000011011101110010000000
0000000011111000111110000000
0000000000011101110000000000
0000000000001111100000000000