0000000000110000100000000000
0000000000010001000000000000
0000000000101010100000000000
0000000001100100100000000000
0000000001111011110000000000
0000000001111111110000000000
0000000001111111110000000000
0000000001111111110000000000
0000000001111111110000000000
0000000001111111110000000000
0000000001111111110000000000
0000000001111111110000000000
0000000001111111111000000000
0000000011111111111000000000
0000000011111111111000000000
0000000011111111111000000000
0000000011111111111000000000
0000000011111111111000000000
0000000011111111111100000000
0000000111111111111100000000
0000000111111111111100000000
0000000111111111111100000000
0000000111111111111100000000
0000000111111111111100000000
0000000111111111111110000000
0000000111111111111110000000
0000000111111111111110000000
0000000111111010111100000000