0000000000000010000000000000
0000000000001111000000000000
0000000001111111111000000000
0000000011111111111100000000
0000000011111101111100000000
0000000001111001111000000000
0000000000111101111000000000
0000000000111111110000000000
0000000000011111110000000000
0000000000011111110000000000
0000000000011111110000000000
0000000000011111110000000000
0000000000011111110000000000
0000000000111111110000000000
0000000000111111110000000000
0000000000111111111000000000
0000000000111111111000000000
0000000000111111111000000000
0000000000111111111000000000
0000000000111111111000000000
0000000000111111111000000000
0000000000111111111000000000
0000000000111111111000000000
0000000000111111110000000000
0000000000111111110000000000
0000000000111111110000000000
0000000000111111110000000000
0000000000011111110000000000