0000000000001000100000000000
0000000001111111111100000000
0000000011111111111100000000
0000000011111111111110000000
0000000011111111111110000000
0000000011111111111110000000
0000000111111111111110000000
0000000110011111110111000000
0000000110011111110111000000
0000001110011111110011000000
0000001100011111110011000000
0000001100111111111011000000
0000001100111111111011100000
0000001100111111111001100000
0000001100111111111001100000
0000001100111111111001100000
0000001100111111111101100000
0000011000111111111100110000
0000000001111111111100110000
0000000001111111111100000000
0000000001111111111100000000
0000000001111111111100000000
0000000001111111111100000000
0000000001111111111110000000
0000000001111111111110000000
0000000011111111111110000000
0000000001111111111110000000
0000000000111000110000000000