0000000000001100110000000000
0000000000111111111000000000
0000000001111111111100000000
0000000001111111111100000000
0000000001111111111100000000
0000000001111111111100000000
0000000001111111111100000000
0000000011011111111110000000
0000000001011111110110000000
0000000011011111110110000000
0000000011011111110110000000
0000000111011111110110000000
0000000011111111011110000000
0000000000111111111000000000
0000000000111111111000000000
0000000000111111011000000000
0000000000111111111000000000
0000000000111111111000000000
0000000000111111111000000000
0000000000111111111000000000
0000000000111111111000000000
0000000000111111111000000000
0000000001111111111000000000
0000000000111111111000000000
0000000000011111111000000000
0000000000000111111000000000
0000000000000000111000000000
0000000000000000001000000000