0000000000011111000000000000
0000000001111111110000000000
0000000011111101111000000000
0000000111111111111100000000
0000001111111110011100000000
0000000001111110111110000000
0000000011111111110000000000
0000000111111110111100000000
0000001111111111111110000000
0000001111111111111110000000
0000001101111111110111000000
0000011111111111110111000000
0000011111111110111111000000
0000011111111110011111000000
0000111111111111111111000000
0000110111111111111111100000
0000111111111111011111100000
0000111011111111000111100000
0000111011111110111011100000
0000111011111110101011010000
0001110011111111101101010000
0001110111111111101101110000
0001110111111111111101110000
0001110111111111110101111000
0001110111111111111100111000
0001110111111111110110111000
0011110111111111111110111000
0001100011111111111000010000