0000000000000000000000000000
0000000000110111111000000000
0000000000000000000100000000
0000000011111001111100000000
0000000011111111111110000000
0000001111111111111111000000
0000011111111111111111100000
0000011111111111110111100000
0000011111111111110011110000
0000111111111111111111110000
0000111111111111111111110000
0000111111111111111111110000
0000111111111111111111110000
0000111111111111111111110000
0000111111111111111111110000
0000111111111111111111110000
0000111111111111111111110000
0000111111111111111111111000
0000111111111111111111111000
0000111111111111111111111000
0000111111111111111111111000
0000111111111111111111111000
0000111111111111111111111000
0000111111111111111111111000
0000111110111111110111111000
0000111101111101110001111000
0000111100000000000001111000
0000011000000000000000110000