0000000000000000000000000000
0000000000000001000000000000
0000000001100110001000000000
0000000111100010011111000000
0000001111111111111111100000
0000011111111111111111100000
0000011111111111111111100000
0000011111111111111111100000
0000011111111111111111110000
0000011111111111111111110000
0000011111111111111111110000
0000011111111111111111110000
0000011111111111111111110000
0000011111111111111111110000
0000011111111111111111110000
0000011111111111111111110000
0000111111111111111111110000
0000111111111111111111111000
0000111111111111111111111000
0000111111111111111111111000
0000111111111111111111111000
0000111111111111111111111000
0000111111111111111111111000
0000111101111111111101111000
0000111100000000000001111000
0000111100000000000000111000
0000011100000000000000111000
0000011000000000000000000000