0000000000011111100000000000
0000000000111111110000000000
0000000001111111111000000000
0000001111101111101111000000
0000011101111111111111100000
0000111111111111111111110000
0000111111111111111111110000
0000111111111011110011111000
0000111100111011111111111000
0000111111111111111111111000
0001111111111111111111111000
0001111111111111111111111000
0001111011011011100111111000
0001111111111111110011111000
0001111111111111111111111000
0001101101111111111111111100
0001101111011111110111111100
0001101111111111111111111100
0001101111111111111111111100
0001001111111111110111111100
0001001111110111111111111100
0001101111110111110011110100
0001101111111111110111111100
0001110111111111111111110100
0001110111111111111111110100
0011110000000000000000011110
0011110000000000000000011110
0001110000000000000000011100