0000000000001111100000000000
0000000000001111100000000000
0000000000110111111100000000
0000000111111111011111000000
0000001101111111111111100000
0000001111111111111111100000
0000001111111111111111100000
0000001111111111111111100000
0000001111111111111111100000
0000011111111111111111110000
0000011111111111111111110000
0000011111111111111111110000
0000011111111111111111110000
0000011111111111111111110000
0000011111111111111111110000
0000011111111111111111110000
0000011111111111111111110000
0000011111111111111111110000
0000011111111111111111110000
0000011101111111111111110000
0000011101111111111111110000
0000011101111111111111110000
0000011101111111111101110000
0000011101111111111101110000
0000011100000000000001110000
0000011000000000000000110000
0000011000000000000000110000
0000011000000000000000110000