0000000000000000000000000000
0000000000000000000000001000
0000000000000000000000011100
0000000000000000011111111100
0000000000000001111101111110
0000000000000001110110101110
0000000000000000000111011110
0000000000000000011100111110
0000000000000000011000111110
0000000000000000110001111111
0000000000000000110001111111
0000000000000000110001111010
0000000000000000110001111110
0000000000000000110001111110
0000000000000000010011111110
0000000000000000010111111110
0000000000000000011110001100
0000000000000000011100001100
0000000000000000111000001100
0000000000000000110000001100
0000001111110001100000001100
0000011111111101100000001100
0000011101110011000000001100
0000010100011111000000001100
0000010011001110000000001100
0000111111111100000000001100
1111111111111100000000001100
1111111111110000000000001100