0000000000010000000000000000
0000000011111111111110000000
0000001111111111111111100000
0000011111111111111111110000
0000011111111100000011110000
0000111111111011111100111000
0000111111111011011111011000
0000111111111011111111011000
0000110111111011111111011000
0001110111111011111111011100
0000010111111011111111010000
0000000011111001111110000000
0000000011111100000000000000
0000000011111111111110000000
0000000011111111111110000000
0000000011111111111110000000
0000000011111111111110000000
0000000011111111111110000000
0000000011111111111110000000
0000000011111111111110000000
0000000011111111111110000000
0000000011111111111110000000
0000000011111111111110000000
0000000011111111111110000000
0000000011111111111110000000
0000000011111111111110000000
0000000011111111111100000000
0000000000001111110000000000