0000000000000000000000000000
0000000000000000000000000000
0000000000000000000000000000
0000000000000000000000000000
0000000000000000000000000000
0000000000000000000000000000
0000000000000000000000000000
0000000000000000001111000000
0000000000000000011111111100
0000000000000001111111111100
0000000000000001111111011100
0000000000000111111111011110
0000000011001111101111111110
0000001111100111100011111100
0000111011110111100111111000
0111111011110011101111011000
1111111111111111111110001110
1101111111111111111100011011
1111111111111111111111111111
0111111111111111111111111111
0001111111111111111111111110
0000000111111010111111111100
0000000000000000000000000000
0000000000000000000000000000
0000000000000000000000000000
0000000000000000000000000000
0000000000000000000000000000
0000000000000000000000000000