0000000000000000000000000000
0000000000000000000000000000
0000000000000000000000000000
0000000000000000000000000000
0000000000000000000000000000
0000000000001001110000000000
0000000000001111111111100000
0000000000000010111111110000
0000000000000000000000110000
0000000000000000000000010000
0000000000000000000000110000
0000000000000000000001100000
0000000000000000000001100000
0000000000000000000011000110
0000000000000001111011111110
0000000000100111111111111110
0000000001111111111111111110
0000111111111111111000000110
0000111111111111110000000110
0000011011110111000000000110
0000011111111110000000000110
1111011111111100000000000100
1111111111111000000000000110
0000000111000000000000000100
0000000000000000000000000000
0000000000000000000000000000
0000000000000000000000000000
0000000000000000000000000000