0000000000000000000000000000
0000000000000000000000000000
0000000000000000000000000000
0000000000000000000000000000
0000000000000000000000000000
0000000000000000000000000000
0000000000000000000000000000
0000000000000000000000000100
0000000000000011000000011110
0000000000000011110001111000
0000000000000111111111110000
0000000000001111111111100000
0000000000111000001111000000
0000000011110000000111000000
0000011111111000000111011111
0000111111111100011111111111
0000111111111111111111111110
0000111111111111111111111110
1111111111111111111111111100
0111111111111111111111111100
0000111111111111111111111100
0000000000000000000000000000
0000000000000000000000000000
0000000000000000000000000000
0000000000000000000000000000
0000000000000000000000000000
0000000000000000000000000000
0000000000000000000000000000