0000000000000010111111110000
0000000000000111111111110000
0000000000000011100000011000
0000000000000000000000001000
0000000000000000000000001000
0000000000000000000000011100
0000000000000000000000111110
0000000000000000000000111111
0000000000000000000000111111
0000000000000000000000111111
0000000000000000000000111111
0000000000000000000000111111
0000000000000000000000111111
0000000000000000000001111111
0000000000000000000011111111
0000000000000000111111100111
0000000000011111111111000111
0000000000011110011110000111
0000000000000000001100000110
0000000000000000001100000110
0000000010000000011000000110
0000000010000000011000000110
0000000011000000110000000110
0000000011010111110000000110
0111000011111111100000000110
0011111111111111000000000110
0000000111111110000000000110
0000000000000000000000000000