0000000000000000000000000000
0000000000000000000000000000
0000000000000000000000000000
0000000000000000000000000000
0000000000000000000000100000
0000000000000000000001100000
0000000000000000000011100000
0000000000000000000011100000
0000000000000000000111000000
0000000000001111111111110000
0000000000011111111111000000
0000000000000000000111000010
0000000000000000000111001111
0000000000000000000111111110
0000000000000000000111111110
0000000000000000001111111110
0000000000000000011101111110
0000000011111000111001111110
0000011111111101110001111110
0000011111111111100001111110
0000011011111111000011111110
0011111111111110000011111110
1111111111111110000011111110
0111111111111100000011111100
0000111111110000000011111100
0000000000000000000000000000
0000000000000000000000000000
0000000000000000000000000000