0000000000011001000000000000
0000000000111111010000000000
0000000111101111011100000000
0000001110011011000010000000
0000001111000000000001000000
0000001111000100000001000000
0000001111000010000101000000
0000011111100011000101000000
0000011111111111000110100000
0000011111111111100110100000
0000011111111111100110100000
0000011111111111100100100000
0000011111111111100111100000
0000011111111111100111100000
0000011111111111110111100000
0000111111111111110111010000
0000111111111111110011010000
0000111111111111110011010000
0000111111111111110011110000
0000111111111111111011010000
0000111111111111111011000000
0000111111111111111011100000
0000111111111111111011100000
0000111111111111111001000000
0000111011111111111111100000
0000011011111111111111000000
0000000001110011111100000000
0000000000111111110000000000