0000000000001000000000000000
0000000000011111100000000000
0000000001111111111000000000
0000000111111111111110000000
0000000111011111101111000000
0000000111011101111111000000
0000000110110000111111000000
0000000111100000011111000000
0000000111000110001111000000
0000000011000110001111000000
0000001011001111001111100000
0000001011011011101101000000
0000001111001111001111100000
0000001111000110001111100000
0000001011000000001111100000
0000001111100000011111100000
0000011111110001111111100000
0000011111011011011111100000
0000011111101111011111100000
0000011111110111111111100000
0000011111111111111111100000
0000011111111111111111100000
0000011111110110011101110000
0000011011101111011101110000
0000111011011101111100110000
0000011011110000111101110000
0000110001100101011000110000
0000010000000000000000100000