0000000000001111100000000000
0000000000001111100000000000
0000000000111111111000000000
0000000111110110111110000000
0000001111100111011111000000
0000001111111111111111100000
0000001111111111111111100000
0000001111111111111111100000
0000011110111111110111100000
0000011110111111110110100000
0000011110111111110110100000
0000010110111111110110100000
0000010110111111110110100000
0000011110111111110110100000
0000011110111111110111100000
0000010110111111110111010000
0000010110111111110111010000
0000110110111111110011010000
0000101101111111111011010000
0000101101111111111011010000
0000001101111111110011000000
0000001101110111110011000000
0000001101110111010001000000
0000001101001111000001100000
0000001001011111100001100000
0000101101111111110001100000
0000001100111111111001100000
0000000000001100000000000000