0000000000110000110000000000
0000001111111001111110000000
0000011111111111111111000000
0000011111111111111111100000
0000011111111111111111100000
0000111111111111111111100000
0000111111111111111111100000
0000111111111111111111100000
0000111111111111111111100000
0000111011111111111111100000
0000111011111111111111100000
0000111011111111111011100000
0000111001111111111011100000
0000111001111111111011110000
0000111001111111111011110000
0000111001111111111011110000
0000111011111111111001110000
0000111011111111111101110000
0000111011111111111101110000
0001111011111111111101110000
0001110111111111111101110000
0001110111111111111110110000
0001110111111111111110110000
0001110111111111111110110000
0001110111111111111110110000
0001110000000000000000111000
0001110000000000000000111000
0000110000000000000000110000