0000000000000000000000000000
0000000000000000000000000000
0000000000000000000000000000
0000000000000000000000000000
0000000000000000000000000000
0000000000000000000000000000
0000000000000000111100000000
0000000000000001111110000000
0000000000000001111111000010
0000000000000001111111100110
0000000000000001111111111110
0000000000000001111111111110
0000000000000011111111111110
0000000000001111111111111110
0000000000111111111111111110
0000000011111111111111111110
0000000111111111111111111110
0011111111111111111111111110
1111111111111111111111111110
1111111111111111111111111110
1111111111111000001111110000
0011111111100000011111111110
0000000000111111111000001100
0000000000000000000000000000
0000000000000000000000000000
0000000000000000000000000000
0000000000000000000000000000
0000000000000000000000000000