0000000000000000000000000000
0000000000000000000000000000
0000000000000000000000000000
0000000000000000000000000000
0000000000000000000000000000
0000000000000000000000000000
0000000000000000000000000000
0000000000000000000000000000
0000000000000110000000011100
0000000000001111100000111100
0000000000011111111111111100
0000000000001111111111111100
0000000110000111111111111100
0000001111011111111111111110
0000011111111111111111111110
0000111111111111111111111110
0111111111111111111111111111
1111111111111111111111111111
0111111111111111111111111111
0011111111111111111111111110
0000011111111111111111111100
0000000000000000000000000000
0000000000000000000000000000
0000000000000000000000000000
0000000000000000000000000000
0000000000000000000000000000
0000000000000000000000000000
0000000000000000000000000000