0000000000111111111000000000
0000000000111111111000000000
0000000000111111111000000000
0000000001111111111100000000
0000000001111111111000000000
0000000001111111111100000000
0000000001111111111100000000
0000000001111111111100000000
0000000001101111110000000000
0000000001100111100100000000
0000000001101111100100000000
0000000001100101100000000000
0000000000101101100000000000
0000000000101101101000000000
0000000000111101101000000000
0000000000110101101000000000
0000000000111101101000000000
0000000000111101101000000000
0000000000110101101000000000
0000000000111101111000000000
0000000000111101111000000000
0000000000111101111000000000
0000000000111101111000000000
0000000000111101110000000000
0000000000011101110000000000
0000000000011101110000000000
0000000000011101110000000000
0000000000011101110000000000