0000000000000000000000000000
0000000000000000000000000000
0000000000000000000000000000
0000000000000000000000000000
0000000000000000000000000000
0000000000000000000000000000
0000000000000000000000000000
0000000000000000000000000000
0000000000000000100000000000
0000000000000001010000000110
0000000000000001111000000110
0000000000001101111100000010
0000000000110111111111111111
0000000011011011111111110111
0000000101100111111111111111
0011111111111111111111111111
0111000111011111111111111111
1111111011111111111110011111
0111111111111100011111111111
1111011000000111111111111111
0011111111111111111111111110
0000000000000000000000000000
0000000000000000000000000000
0000000000000000000000000000
0000000000000000000000000000
0000000000000000000000000000
0000000000000000000000000000
0000000000000000000000000000