0000000111100000111100000000
0000000111111111111110000000
0000001111111111111110000000
0000001111111111111111000000
0000001111111111111111000000
0000011111111111111111100000
0000011111111111111111100000
0000011111111111111111100000
0000011111111111111111100000
0000011111111111111111100000
0000111111111111111111110000
0000111111111111111111110000
0000111111111111111111110000
0000111111111111111111110000
0000111111111111111111110000
0000111111111111111111110000
0000111111111111111111110000
0000111111111000111111110000
0000111111110000111111110000
0000111111110000111111110000
0000111111110000111111110000
0000111111110000011111110000
0000011111100000011111110000
0000011111100000011111110000
0000011111100000011111110000
0000011111100000011111100000
0000011111100000011111100000
0000001111000000001111100000