0000000000000000000000000000
0000000000000000000000000000
0000000000000000000000000000
0000000000000000000000000000
0000000000000000000000000000
0000000000000000000000000000
0000000000000000000000000000
0000000000000000100000000000
0000000000000000110000000000
0000000000000011110000000000
0000000000000111110000000000
0000000000001111111000011110
0000000000111111111111111110
0000000001111111111111111110
0000011111111111111111111110
0111111111111111111111111110
1111111111111111111111111110
1111111111111111111111111110
0111111111111111111111111111
0011111111111111111111111111
0000000001110110111111111100
0000000000000000000000000000
0000000000000000000000000000
0000000000000000000000000000
0000000000000000000000000000
0000000000000000000000000000
0000000000000000000000000000
0000000000000000000000000000