0000000000000000000000000000
0000000000000000000000000000
0000000000000000000000000000
0000000000000000000000000000
0000000000000000000000000000
0000000000000000000000000000
0000000000000000000000000000
0000000000000000000000000000
0000000000000000000000000000
0000000000000000001100000000
0000000000000001111110000100
0000000000000111111110001100
0000000000011111111110011010
0000000011111111111111110000
0000001111111111111111001110
0111111111111111111111111111
1111111111111111111111111111
0111111111111111111111111111
0000001111111111111000000000
0000000000000000011111111111
0000000000001100111000000000
0000000000000000000000000000
0000000000000000000000000000
0000000000000000000000000000
0000000000000000000000000000
0000000000000000000000000000
0000000000000000000000000000
0000000000000000000000000000