0000000000001110000000000000
0000000000011001000000000000
0000000000010000100000000000
0000000000100000100000000000
0000000000100000100000000000
0000000000100000010000000000
0000000000100000010000000000
0000000000100000010000000000
0000000001100000010000000000
0000000001100000010000000000
0000000001100000010000000000
0000111111111111111111110000
0001111111111111111111111000
0000111111111111111111110000
0000111111111111111111110000
0000111111111111111111110000
0000111111111111111111110000
0000111111111111111111110000
0000111111111111111111110000
0000111111111011111111110000
0000111111111011111111110000
0000011111111011111111100000
0000111111111111111111100000
0000111111111111111111100000
0000111111111111111111100000
0000011111111111111111100000
0000011111111111111111100000
0000001111111111111111000000