0000000000000000000000000000
0000000000000000000000000000
0000000000000000000000000000
0000000000000000000000000000
0000000000000000000000000000
0000000000000000000000000000
0000000000000000000000000000
0011111111111111111111111100
0011111111111111111111111100
0011111111111111111111111100
0011111111111111111111111100
0011111111111111111111111100
0011111111111111111111111100
0011111111111111111111111100
0011111111111111111111111100
0011111111111111111111111100
0011111111111111111111111100
0011111111111111111111111100
0011111111111111111111111100
0011111111100000011111111100
0011111111100000011111111100
0111111111100000011111111100
0111111111100111011111111100
0000000000001000000000000000
0000000000000000000000000000
0000000000000000000000000000
0000000000000000000000000000
0000000000000000000000000000