0000000000000000000000000000
0000000000000000000000000000
0000000000000000000000000000
0000000000000000000000000000
0000000000000000000000000000
0000000000000000000000000000
0000000111111111111111111000
0000001111111111111111111100
0000001111111111111111111110
0001111111111111111111111110
0001111111111111111111111110
0010001111111111111111111111
0011001111111111111111111100
0011001111111111111111111100
0011001111111111111111111100
1111101111111111111111111100
1111101111111111111111111100
0111111111111111111111111100
0111111111111111111111111000
0111100111111111111111110000
0111101111111111111111100000
0111001111111110000000000000
0000000000000000000000000000
0000000000000000000000000000
0000000000000000000000000000
0000000000000000000000000000
0000000000000000000000000000
0000000000000000000000000000