0000000000000000000000000000
0000000000000000000000000000
0000000000000000000000000000
0000000000000000000000000000
0000000000000000000000000000
0001111111111111111111111110
0001111111111111111111111110
0001111111111111111111111110
0001111111111111111111111110
0001111111111111111111111110
0001111111111111111111111110
0001111111111111111111111110
0011111111111111111111111110
0011111111111111111111111110
0011111111111000001111111110
0011111111111000001111111110
0011111111111000001111111110
0011111111111000001111111111
0011111111111000001111111111
0011111111111000001111111111
0011111111111111111111111111
0011111111111111111111111111
0000011111111111111111111110
1101111111111111111111111110
0000011111111111100000000000
0000000000000000000000000000
0000000000000000000000000000
0000000000000000000000000000