0000000000000000000000000000
0000000000000000000000000000
0000000000000000000000000000
0000000000000000000000000000
0000000000000000000000000000
0000000000000000000000000000
0000000000000000000000000000
0000000000000000000000000000
0000000000000111000000000000
0111111111111111111111111111
0111111111111111111111111111
0111111111111111111111111111
0111111111111111111111111111
0111111111111111111111111111
0111111111111111111111111111
0111111111111111111111111111
0111111111111111111111111111
0111111111111111111111111111
0111111111111111111111111111
0111111111111111111111111111
1111000010100000000000000000
0000000000000000000000000000
0000000000000000000000000000
0000000000000000000000000000
0000000000000000000000000000
0000000000000000000000000000
0000000000000000000000000000
0000000000000000000000000000