0000000000000111000000000000
0000000000001001100000000000
0000000000010000100000000000
0000000000010000100000000000
0000000000010000000000000000
0000000000010000100000000000
0000000000000000000000000000
0000000001111111111000000000
0000000001111111111000000000
0000000001111111111000000000
0000000001111111111000000000
0000000001111111111000000000
0000000001111111111100000000
0000000001111111111100000000
0000000011111111111100000000
0000000011111111111100000000
0000000011111111111110000000
0000000011111111111110000000
0000000011111111111110000000
0000000011111111111110000000
0000000011111111111110000000
0000000000010000110000000000
0000000000010000110000000000
0000000000010000110000000000
0000000000011000110000000000
0000000000011000110000000000
0000000000011000110000000000
0000000000011000110000000000