0000000000000011000000000000
0000000000000111000000000000
0000000000000101100000000000
0000000000001100100000000000
0000000000001100110000000000
0000000000001100110000000000
0000000000001000110000000000
0000000000001000110000000000
0000000000001000110000000000
0000000000001000110000000000
0000000000001000010000000000
0000000000011000010000000000
0000000000011000010000000000
0000000000010000010000000000
0000000000010000010000000000
0000000000010000011000000000
0000000000110000001000000000
0000000000000000001000000000
0000000011111111111110000000
0000000111111111111110000000
0000000101111111111110000000
0000000011111111111110000000
0000000011111111111110000000
0000000011111111111110000000
0000000011111111111110000000
0000000001111111111110000000
0000000000111111111100000000
0000000000011111111000000000