0000000000000000000000000000
0000000000000110100000000000
0000000000001000011000000000
0000000000010000001000000000
0000000000010000000100000000
0000000000010000000100000000
0000000000110000000100000000
0000000000110000001100000000
0000000000110000001100011100
0000111111111111111111111110
0000111111111111111111111110
0000111111111111111111111110
0000111111111111111111111110
0001111111111111111111111110
0000111111111111111111111110
0000111111111111111111111110
0000111111111111111111111110
0010111111111111111111111110
0110111111111111111111111110
0100111111111111111111111110
1100111111111111111111111110
1100111111111111111111111110
0100111111111111111111111110
0110111111111111111111111110
0001111111111111111111111111
0001111111111111111111111110
0001111111100000000000000000
0000000001000000000000000000