0000000000000000000000000000
0000000000000000000000000000
0000000000000000000000000000
0000000000000000000000000000
0000000000000000000000000010
0000000000000000010000000010
0000000000000000111111111110
0000000000000001111111111100
0000000000000011111111111100
0000000000000011111111101100
0000000000000111111111111100
0000000000000111111111111100
0000000000001111111111111100
0000000000011111111111111100
0000000000010111111111111100
0000000001111111111111111110
0000000001111111111111111110
0000000110111111111111111110
0011111111111111111111111110
0110000011111111111111111110
0111111111111111111111111110
0111111111111111111111111110
0111111111111111101111111110
0000001111110000000111111110
0000000000000000000000000000
0000000000000000000000000000
0000000000000000000000000000
0000000000000000000000000000