0000000000000000000000000000
0000000000000000000000000000
0000000000000000000000000000
0000000000000000000000000000
0000000000000000000000000000
0000000000000000011000000000
0000000000000000111111110000
0000000000000001111111111110
0000000000000000111111111110
0000000000000001111111111100
0000000000000001111111111100
0000000000000001111111111100
0000000000000011111111111100
0000000000000011111111111100
0000000000001111111111111100
0000000000011111111111111110
0000000000011111111111111110
0000000000011111111111100010
0000000000011111111111110010
0000100000011110111111111010
0000000000001110110000000010
1101110111111110000000101110
1111111111111011111111111110
0011111111111111111111111110
0000001111111000000111111110
0000000000000000000000000000
0000000000000000000000000000
0000000000000000000000000000