0000000000000000000000000000
0000000000000000000000001000
0000000000000000000001111110
0000000000000000000011111110
0000000000000000001111111110
0000000000000000011111111110
0000000000000000111111111110
0000000000000000111111111100
0000000000000001111111111100
0000000000000011111111111100
0000000000000011111111111000
0000000000000011111111111100
0000000000000011111111111100
0000000000000111111111111110
0000000000000111111111111110
0000000000011111111111111110
0000000000011111111111111110
0000000000011111011111111110
0000000000011111111111111110
0000000001110111111111111110
0011110011111111111111111110
0110111111111111111111111110
0111000111111111111111111110
1111111111111111111111111110
0111111111111111111111111110
0001111111111111000111111110
0000000011100000000000000000
0000000000000000000000000000