0000000000000000000000000000
0000000000000000000000000000
0000000000000000000000000000
0000000000000000000000000000
0000000000000000000000000000
0000000000000000100000000000
0000000000000000100000001100
0000000000000000111000001100
0000000000000000111111111000
0000000000000001111111111000
0000000000000001111111111000
0000000000000011111111111000
0000000000000011111111111000
0000000000000111111111111100
0000000000001111111111111100
0000000000111011111111111100
0010000111110111111111111100
0111111111111111111111111110
1111111111111111111111111110
1111111111111111111111111110
0011111111111111111111111110
0000011111111111111111111110
0000000000000000000000000000
0000000000000000000000000000
0000000000000000000000000000
0000000000000000000000000000
0000000000000000000000000000
0000000000000000000000000000