0000000000000000000000000000
0000000000000000000000000000
0000000000000000000000000000
0000000000000000000000000000
0000000000000000000000000000
0000000000000000000000000100
0000000000000000000000000110
0000000000000001100000000100
0000000000000001111100011100
0000000000000001111111111100
0000000000000011111111111100
0000000000000011100111111100
0000000000000111100001111100
0000000000001111111001111100
0000000000011111111111111110
0000000000110111111111111110
0000000001011111111111111110
0000001110011111111111111110
0011111111111111111111111110
0111100111111111111111111110
0111111111111111111111111110
1111111111111111111111111111
0011111111111111111111111111
0000001111111100000111111110
0000000000000000000000000000
0000000000000000000000000000
0000000000000000000000000000
0000000000000000000000000000