0000000000000000000000000000
0000000000011111100000000000
0000000000111111110000000000
0000000011111111101100000000
0000001110111111111111000000
0000011011011111101111100000
0000010001000000001111100000
0000010111110010000111110000
0000100110110110000111110000
0000100100100110101111010000
0000111111110111111111111100
0000011111110111111111010000
0000011111110110111110010000
0000101111111111111111010000
0000101011100111111111011000
0000101001111111111111011000
0000111001111111111111111000
0000011011111111111111101000
0000011011111111111111111000
0000011011111111111101101000
0000011011111111111101111000
0000011011111111111111011000
0000011011111111111111011000
0001111011111111111111111000
0001011011111111111111111000
0000001011000000000001000000
0000000000000000000001000000
0000000000000000000000000000