0000000001111111111100000000
0000000001111111111100000000
0000000011111111111100000000
0000000011111111111100000000
0000000011111111111100000000
0000000011111111111100000000
0000000011111111111100000000
0000000011111111111100000000
0000000011111111111100000000
0000000011111111111100000000
0000000011111111111100000000
0000000011111011111100000000
0000000011111001111100000000
0000000011111001111100000000
0000000011111001111100000000
0000000011111001111100000000
0000000011111001111100000000
0000000011111001111100000000
0000000011111001111100000000
0000000011111000111100000000
0000000111111000111100000000
0000000111111000111100000000
0000000111110000111100000000
0000000111110000111110000000
0000000111110000111110000000
0000000111110000011110000000
0000000111110000011110000000
0000000000110000011000000000