0000000000100000100000000000
0000000111111111111110000000
0000011111111101111111000000
0000011111111111111111100000
0000011111111111111111100000
0000111111111111111111100000
0000111111111111111111100000
0000111111111111111111110000
0000111111111111111111110000
0000111111111111111111110000
0000111111111111111111110000
0000111111111111111101110000
0000111011111111111101110000
0000111011111111111001110000
0000111011111111111101110000
0000110011111111111101110000
0000110011111111111101110000
0001110011111111111101110000
0000110011111111111101110000
0001110111111111111100110000
0001110111111111111100110000
0001110111111111111110110000
0001110111111111111110110000
0001110111111111111110111000
0001110111111111111110111000
0000110111111111111110111000
0000110000000000000000111000
0000000000000000000000010000