0000000000000000001000000000
0000000111111100111110000000
0000001101110110001001100000
0000001111110001011101110000
0000011001100000000000110000
0000001111111111111111110000
0000011111100000001111101000
0000001111011111011111001000
0000001111111011111111001000
0000001100000000111111001000
0000001101110011111111101000
0001001101000000000011110100
0000001011111011110011100000
0001011111111011111111110100
0001011001110001110011110100
0001011111111110111011110100
0001111101110010111110111100
0001001011110010000001111100
0001111011110111110011111100
0001100011000110100000110100
0001111111111111110111111100
0001011111110111110101111100
0001000111011110110111111100
0001111111111111111111110100
0001111100000000000000010100
0011111111111111111111111110
0001111111111111111111111100
0001100000000000000000100000