0000000000000000011000000000
0000000001111111111100000000
0000000001111111111110000000
0000000110111111111110000000
0000000111111111111110000000
0000000001111111111100000000
0000000000111111111100000000
0000000000111111111000000000
0000000000111111111000000000
0000000000111111111000000000
0000000000111111111000000000
0000000000111111111000000000
0000000000111111111000000000
0000000001111111111000000000
0000000001111111111000000000
0000000001111111111000000000
0000000011111111111100000000
0000000011111111111100000000
0000000011111111111100000000
0000000011111111111100000000
0000000011111111111100000000
0000000011111111111100000000
0000000011111111111100000000
0000000011111111111100000000
0000000011111111111100000000
0000000011111111111100000000
0000000001111111111100000000
0000000001100101101100000000