0000000000001000100000000000
0000000000011111110000000000
0000000000011111111000000000
0000000000011111111000000000
0000000000011111111000000000
0000000000011111111000000000
0000000000011111111000000000
0000000000011111110000000000
0000000000011111110000000000
0000000000011111110000000000
0000000000011111110000000000
0000000000011111110000000000
0000000000011111111000000000
0000000000111111111000000000
0000000000111111111000000000
0000000000111111111000000000
0000000000111111111000000000
0000000000111111111000000000
0000000000111111111000000000
0000000000111111111000000000
0000000000111111111000000000
0000000000111111111000000000
0000000000111111111000000000
0000000000111111111000000000
0000000000111111111000000000
0000000000111111111000000000
0000000000111111110000000000
0000000000011111110000000000