0000000000011111110000000000
0000000001111111111100000000
0000000011111111111110000000
0000000111111111111111000000
0000000111111111111111000000
0000000111111111111111000000
0000000111111111111111000000
0000000111111111111111000000
0000000111111111111111000000
0000000111111111111111000000
0000000111111111111011000000
0000000110111111111011100000
0000001110111111111011100000
0000001110111111111011100000
0000001111111111111011100000
0000001111111111111111100000
0000001111111111111111100000
0000001111111111111111100000
0000001111111111111111100000
0000001111111111111111100000
0000001111111111111111100000
0000000111111111111111100000
0000000011111111111110000000
0000000111111111111110000000
0000000111111111111111000000
0000000111111111111111000000
0000000011111111111100000000
0000000000001100000000000000