0000000000000000000000000000
0000000000000000000000000000
0000000000000000000000000000
0000000000000000000000000000
0000000000000000000000000000
0000000000000000000000000000
0000000000000000000000000000
0000000000000000000000000000
0000000000000000000000000000
0000000000000011100000001000
0000000000000011110001111000
0000000000000101111111111100
0000000000110000011111110000
0000000111100000111111100000
0000011110000000011100000000
0000011110000000010011000000
1111011110000011000011000000
1111111111111111111111111111
0001111111111111111111111111
0000000000000000000000000000
0000000000000000000000000000
0000000000000000000000000000
0000000000000000000000000000
0000000000000000000000000000
0000000000000000000000000000
0000000000000000000000000000
0000000000000000000000000000
0000000000000000000000000000