0000000000000000000000000000
0000000000000000000000000000
0000000000000000000000000000
0000000000000000000000000000
0000000000000000000000000000
0000000000000000000000010000
0000000000000000000001110000
0000000000000000000001100000
0000000000000000000011000000
0000000000000000111111000000
0000000000000101111111000000
0000000000000111111111000111
0000000000000011111111111111
0000000000001000000011111111
0000000000010000001111111110
0000001101000000011111111110
0000000100000000111111111110
0000011100000001111111111110
0001111110001111111111111110
0111111111111111111111111110
0111111111111111111111111110
0000011111111000000000000010
0000000000000000000000000000
0000000000000000000000000000
0000000000000000000000000000
0000000000000000000000000000
0000000000000000000000000000
0000000000000000000000000000