0000000000000000000000000000
0000000000000000000000000000
0000000000000000000000000000
0000000000000000000000000000
0000000000000000000000000000
0000000000000000000000001000
0000000000000011111000111100
0000000000000011111111111000
0000000000000001111111110000
0000000000000000000111100000
0000000000000000000111100000
0000000000000000000111000010
0000000000000000000111111111
0000000000000000001111111111
0000000000000000001111111111
0000011111000000111111111111
0000111011100001111111111110
0001111011111011111111111110
1111011111111111111111111110
1111111111111111111111111110
1111111111111111111111111110
1111111111111111111111111110
0111111111111111111111111110
0000011111111000000111111110
0000000000000000000000000000
0000000000000000000000000000
0000000000000000000000000000
0000000000000000000000000000