0000000000000000000000000000
0000000000000000000000000000
0000000000000000000000000000
0000000000000000000000000000
0000000000000000000000000000
0000000000000000000000000000
0000000000000000000000000000
0000000000000010000000000000
0000000000000000000000000000
0000000000000000000000010000
0000000000000011000000110000
0000000000111101100001100000
0000000001110000000011100000
0000000010000000001111000000
0000001100000001111011100000
0000011000100111111001111000
1110001000011111111111111110
1111111111111111111111111111
0001111111111111110011111110
0000010010010100000000000110
0000000000101110000000000110
0000000000000000000000000000
0000000000000000000000000000
0000000000000000000000000000
0000000000000000000000000000
0000000000000000000000000000
0000000000000000000000000000
0000000000000000000000000000