0000000000000000000111000000
0000000000000111111111000000
0000000000000111111111000000
0000000000000111111111000000
0000000000000111111111000000
0000000000000111111110000000
0000000000000111111110000000
0000000000000111111111000000
0000000000000111111111000000
0000000000001111111111100000
0000000000001111111111100000
0000000000001111111111000000
0000000000001111111110000000
0000000000001011111110000000
0000000000001111111110000000
0000000000000111111111111000
0000000000011111111111110000
0000000000011111111111110000
0000000000111111111111110000
0000000000111111111111110000
0000000000011111111011110000
0000000000001111110011110000
0000000000001111100011110000
0000000011111111100011110000
0000001100011111000011110000
0000001000111110000011110000
0000111111111110000011110000
0000011111111000000011110000