0000000000000000000000000000
0000000000000000000000000000
0000000000000000011000000000
0000001000010111011010000000
0000000000011001111100000000
0000010000000000010100000000
0000000000000000011100000000
0000000000000000011000000000
0000010100000000101000000000
0000010110000000111000000000
0000010110000011110010100000
0000011110000011010110000000
0000011110000010001110000000
0000011100001110001010000000
0000011101000110010111100000
0000011101000111011111100000
0000011101000111011111100000
0000011001100111111111100000
0000011001100111110111100000
0000011100100111110111100000
0000011100110111110111100000
0000011101111111111111110000
0000111111111111111111110000
0011111111111111111111110000
0011111111111111111111110000
0000110011111011111110110000
0000000011111000000000000000
0000000000000000000000000000