0000000000000000000000000000
0000000000000000000000000000
0000000000000000000000000000
0000000000000000000000000000
0000000000000000000000000000
0000000000000000001111111000
0000000000000001011111111000
0000000000000000001111111100
0000000000000000011111111100
0000000000000000011111111100
0000000000000000011111111100
0000000000000000000000011110
0000000000000000000000111110
0000000000000000000000111110
0000000000000000000000111110
0000000000000000000001111110
0000000000000000000111111110
0000000000000000001110111110
0000000000000000011011111110
0000000000000000111111111110
0000001110000001111110011010
0000011111000011110100011110
0000111111001111000100011110
1111111111101110000111111110
0111111111111100000011111110
0000000011110000000000011100
0000000000000000000000000000
0000000000000000000000000000