0000000000000000000000000000
0000000000000000000000000000
0000000000000000000000000000
0000000000000000000000000000
0000000000000000000000000000
0000000000000000000000000000
0000000000000000000000000000
0000000000000000000000000000
0000000000000000000001110000
0000000000000111000111100000
0000000000001111101100000000
0000000000011101111110011000
0000000000011100011111111100
0000000100000100001111111100
0000001100000110111110000000
0000011100000011111110001110
0000111110000011111111111111
1000011110000111111111111111
1111111111111111111111111111
1111111111111111000011111111
0000000111110000000001111100
0000000000000000000000000000
0000000000000000000000000000
0000000000000000000000000000
0000000000000000000000000000
0000000000000000000000000000
0000000000000000000000000000
0000000000000000000000000000