0000000000000000000000000000
0000000000000000000000000000
0000000000000000000000000000
0000000000000000000000000000
0000000000000000000000000000
0000000000000000000000000000
0000000000000000000000000000
0000000000000000000000000000
0000000000000000000000000000
0000000000000000000000000100
0000000000000011111111111110
0000000000000011111111111100
0000000000011001111111111100
0000000010000111111100001100
0000001000011110111000001100
0000000000111111111100011100
0000110110011111111100111100
1100000000000000111111111111
0111111111111111111111111111
0000110100000000000111111100
0000000000000000000000000000
0000000000000000000000000000
0000000000000000000000000000
0000000000000000000000000000
0000000000000000000000000000
0000000000000000000000000000
0000000000000000000000000000
0000000000000000000000000000