0000000000000000000000000000
0000000000000000000000000000
0000000000000000000000000000
0000000000000000000000000000
0000000000000011100000011000
0000000000000111111111111100
0000000000000111111111111100
0000000000000111111111111100
0000000000000111111111111000
0000000000000111111111111000
0000000000000111111111111010
0000000000000111111111111110
0000000000000111111111111110
0000000000000111111111111110
0000000000001111111111111110
0000000000011111111111111110
0000000001111111111111111100
0000001111111111111111111100
0011111100111111111111111100
1111001110111111111111111100
0111111111111111111111111110
0111111111111111111111111110
0011111111111111111111111100
0000111111111111111111111100
0000000111110000000000000000
0000000000000000000000000000
0000000000000000000000000000
0000000000000000000000000000