0000000000000000000000000000
0000000000000000000000000000
0000000000000000000000000000
0000000000000000000000000000
0000000000000000000000000000
0000000000000000000000000000
0000000000000000000000000000
0000000000000000000000000000
0000000000000011100000000010
0000000000000011110000001100
0000000000000111111100111110
0000000000001101111111111110
0000000000111000111111111111
0000000111100000001111111100
0000111111000000001011111010
0001111111110000001111111110
0000111001111000001111111010
1100111111111111111111111011
1111111111111111111111111111
0111111111111111111111111110
0000111111110000000000001100
0000000000000000000000000000
0000000000000000000000000000
0000000000000000000000000000
0000000000000000000000000000
0000000000000000000000000000
0000000000000000000000000000
0000000000000000000000000000