0000000000010000111000000000
0000000111111111111110000000
0000001111111111111101000000
0000001111101111111101100000
0000011111111111111111100000
0000011111111011111101100000
0000011111101111111111100000
0000011111111111111111110000
0000011111111111111111100000
0000000111111011111111000000
0000000011111011111110000000
0000000011111000111100000000
0000000111111110011100000000
0000000011111111111100000000
0000000110011111111100000000
0000000111011111101100000000
0000000111011111110100000000
0000000011011111110110000000
0000000011111111111110000000
0000000011111110110100000000
0000000111111110111110000000
0000000111111111011110000000
0000000011111111111110000000
0000000111111111111110000000
0000000111111111111110000000
0000000111111111111100000000
0000000001111111111100000000
0000000000000000000000000000