0000000000100010001000000000
0000000010111111111000000000
0000000011011111110100000000
0000000011101011101100000000
0000000011111010110100000000
0000000011111111100100000000
0000000011111101110100000000
0000000011111111111100000000
0000000011111111111100000000
0000000011111111111100000000
0000000011111111111100000000
0000000011111111111110000000
0000000011111111111110000000
0000000011111111111110000000
0000000011111111111110000000
0000000111111111111110000000
0000000111111111111110000000
0000000111111111111110000000
0000000111111111111110000000
0000000111111111111110000000
0000000111111111111111000000
0000000111111111111111000000
0000000111111111111111000000
0000000111111111111111000000
0000000111111111111111000000
0000000111111111111111000000
0000000111111111111110000000
0000000001111111111110000000