0000000000000100000000000000
0000000000001111100000000000
0000000000011111110000000000
0000000000111111110000000000
0000000000111111110000000000
0000000000111111111000000000
0000000011111111111111000000
0000001101111111111111000000
0000001111111111111111100000
0000001111111111111111100000
0000001111111111111111100000
0000011111111111111111110000
0000011111111111111111110000
0000011111111111111111110000
0000011111111111111111110000
0000011111111111111111110000
0000011111111111111111110000
0000011111111111111111110000
0000011111111111111111110000
0000011111111111111111110000
0000011101111111111101110000
0000011101111111111101110000
0000011101111111111101110000
0000011101111111111101110000
0000011111111111111110110000
0000011001111111111100110000
0000011001111111111100110000
0000001000111111111000000000