0000000000000000000000000000
0000000000000000000000000000
0000000000000000000000000000
0000000000000011100000000000
0000000000001100010000110000
0000000000011111111111110000
0000000000011111111110110000
0000000000111111111111010000
0000000000111111111111010000
0001100000010011111111110000
0001101111110111111111111110
0000000111110111110011011110
0000001110110111111110111110
0000001111110110101111111100
0000010111110110111101111100
0001010111110111111101111110
0001010110111111111111111100
0000010110111111111111111100
0000011100111111111110111100
0000011110111111111100111100
0000111111111111111100111100
0000111111111111111110111100
0011111111111111111110011100
0011111111111111111110011100
0011111111111111111111011100
0000001111110000000000000000
0000000000000000000000000000
0000000000000000000000000000