0000000000001111000000000000
0000000000001111000000000000
0000000000101111111000000000
0000000111111111111110000000
0000001111111111111111000000
0000001111101111111111000000
0000001111111111111111100000
0000011111111111111111100000
0000011110111111110111100000
0000011110111111110110100000
0000010110111111110110100000
0000010110111111110110100000
0000010110111111110110100000
0000010110111111110110100000
0000011110111111110111100000
0000011110111111110111000000
0000011110111111111111010000
0000011101111111110011010000
0000001101111111111011010000
0000101101111111111011010000
0000001101111111110011000000
0000001101111111111011000000
0000001101111111111001000000
0000001001111111110001100000
0000001001011111110101100000
0000001001111111110101100000
0000001001111111111001100000
0000000000001100000000000000