0000000000000000001000000000
0000000000000100011100000000
0000000000000011110000010000
0000000000000110111011000000
0000000000000111111011011000
0000000000000000000000011000
0000000000000000000000111100
0000000000000000000000111100
0000000000000000000000111110
0000000000000000000000111110
0000000000000000000000111111
0000000000000000000001111111
0000000000000000000001111111
0000000000000000000001110111
0000000000000000000001111111
0000000000000000010110101110
0000000000001111111111111010
0000000000010110011111001110
0000000000000000011100000110
0000000000000000011000000110
0000000110000000010000000110
0000001010000011110000000100
0000000110000011110000000100
0000001110011111110000001100
0111111011111111100000001100
0011111111111111000000001100
0000100111100100000000001100
0000000000000000000000000000