0000000000000111000000000000
0000000000001111100000000000
0000000000111111111000000000
0000000111111111111110000000
0000001111111111111111100000
0000001111111111111111100000
0000001111111111111111100000
0000011111111111111111110000
0000011111111111111111110000
0000011111111111111111110000
0000011111111111111111110000
0000011111111111111111110000
0000011111111111111111110000
0000011111111111111111110000
0000011111111111111111110000
0000011111111111111101110000
0000011101111111111101110000
0000011101111111111101110000
0000111101111111111101110000
0000111101111111111101110000
0000111101111111111101111000
0000111001111111111101111000
0000111001111111111101111000
0000111011111111111101111000
0000111011111111111110111000
0000111011111111111110111000
0000111011111111111100111000
0000000000011111111000110000