0000000000000000000000000000
0000000000000000000000000000
0000000000000000000000000000
0000000000000000100000000000
0000000000000000110000000000
0000000111111111111111100000
0000001111111111111111110000
0000001111111111111111110000
0000001111111111111111110000
0000011111111111111111111100
0000011111111111111111111110
0000011111111111111111111100
0000011111111111111111111100
0000111111111111111111111100
0000111111111011111111111100
0000111111111011111111111100
0001111111111111111111111110
0001101111111111111111111110
0001111111111111111111111110
0001111111111111111111111110
0011111111111111111111111110
0011111111111111111111111110
0011011111111111111111111110
0011111111111111111111111110
0000011111111111110111111000
0000000000110000000011110000
0000000000000000000000000000
0000000000000000000000000000