0000000000000000000000000000
0000000000000000000000000000
0000000000000000000000000000
0000000000000000000000000000
0000000000000000000000000000
0000000000000000000000000000
0000000000000000000000000000
0000000000000000000000000000
0000000000000011100000000000
0000000000000111100000001011
0000000000011111110000011110
0000000000011111111111111110
0000000011111111111111111110
0000001111111111111111111110
0011111111111111111111111110
1111111111111111111111111110
1111111111111111111111111111
1111111111111111111111111110
0011111111111111111111111111
0000001111111111011111111000
0000000000000000000000000000
0000000000000000000000000000
0000000000000000000000000000
0000000000000000000000000000
0000000000000000000000000000
0000000000000000000000000000
0000000000000000000000000000
0000000000000000000000000000