0000000000000000000000000000
0000000000000000000000000000
0000000000000000000000000000
0000000000000000000000000000
0000000000000000000000000000
0000000000000000000000000000
0000000000000000000000000000
0000000000000000000000000000
0000000000000000000000000000
0000000000000010000000000000
0000000000001111111000000110
0000000000011111111000001110
0000000001111111111111111110
0000000111111111111111111111
0000001111111111111111111111
0011111111111111111111111111
1111111111111111111111111111
1111111111111111111110000000
0000111111111000000000001101
0000000000000000011111111100
0000000000000000000000000000
0000000000000000000000000000
0000000000000000000000000000
0000000000000000000000000000
0000000000000000000000000000
0000000000000000000000000000
0000000000000000000000000000
0000000000000000000000000000