0000000000000000000000000000
0000000000000000000000000000
0000000000000000000000000000
0000000000000000000000000000
0000000000000000000000000000
0000000000000000000000000000
0000000000000000000000000000
0000000000100000110000011000
0000000000100111111001111000
0000000001100111111111110000
0000000001101001111111100000
0011101001111110111111110010
0001111011111111110111111110
0001000111101011111111111110
0111100111111111111111111110
0111111111111111111111111110
0111111111111111111111111100
0111111111111111111111111100
0111111111111111111111111100
0111111111111111111111111100
0011111111111111111111111000
0001111111111111111111111000
0000000100100000111111100000
0000000000000000000000000000
0000000000000000000000000000
0000000000000000000000000000
0000000000000000000000000000
0000000000000000000000000000