0000000000000000000000000000
0000000000000000000000000000
0000000000000000000000000000
0000000000000000000000000000
0000000000000000000000000000
0000000000000000000000000000
0000000000000001100000000110
0000000000000001111111011100
0000000000000011111111111110
0000000000000011111111111100
0000000000000111111111111100
0000000000001111111111111100
0000000000111111111111111100
0000000011111111111111111100
0000011111111111111111111100
0000111111111111111111111100
0001111111111111111111111100
0111111111111111111111111100
1111111111111111111111111100
0111111111111111111111111100
0001111111111111111111111100
0000011111111111000111111100
0000000011110000000111111000
0000000000000000000000000000
0000000000000000000000000000
0000000000000000000000000000
0000000000000000000000000000
0000000000000000000000000000