0000000000000011000000000000
0000000000001111110000000000
0000000000010111010000000000
0000000000100110011000000000
0000000000100110001100000000
0000000001111110001100000000
0000000001111111000100000000
0000000001111111000100000000
0000000001111101000100000000
0000000001111111100100000000
0000000001111111100100000000
0000000001011000000100000000
0000111111111111111111110000
0000110111111111111111111000
0000110111011111111110111000
0000111111111111111110011000
0000111101111111111101100000
0000111001111111111001111000
0001111011111111111001110000
0000110010111101111101110000
0001100001111111111100110000
0001000001111111011100111000
0001100010111111011100111000
0001100010111011111100110000
0000010011111111111111111000
0001111111111011011100111000
0001111100001010101110111000
0000111111110001111111110000