0000000000000000000000000000
0000000000000000000000000000
0000000000000101100000000000
0000000000001100010000000000
0000000000001000010000000000
0000000000010000001000000000
0000000000010000001000000000
0000000000010000001100000000
0000000001110000001100000000
0000000001110000001100000000
0000000001000000001110000000
0000000011000000001110000000
0000000111110101110110110000
0000011110111110011110111100
0000011111011111001111111100
0001111111111111111110011110
0001111111111111111101111110
0001011111011111111111111110
0001111111111111111111111110
0011111111011111111111111110
0011111111111111111111111110
0111111111111111111111111111
1111111111111111111111111111
0111011111111110111111111111
0111111111111111111111111111
1111111111111111111111111110
0011101111100000000000000000
0000000000000000000000000000