0000000000000000000000000000
0000000000000000000000000000
0000000000000000000000000000
0000000000000000000000000000
0000000000000000000000000000
0000000000000000000000000000
0000000000000000000000000000
0000000000000000000000000000
0000000000000000000000000000
0000000011111111111000000000
0000001111111111111111110000
1000111111111111111111110011
1111111111111111111111111111
1111111111111111111111110010
0000111111111111111111110000
0000011111111111111111110000
0000011111111111111111110000
0001000111111111111111100000
0000000011111111111111100000
0000000001111111111101100000
0000000000001111100000000000
0000000000000000000000000000
0000000000000000000000000000
0000000000000000000000000000
0000000000000000000000000000
0000000000000000000000000000
0000000000000000000000000000
0000000000000000000000000000