0000000000000000000000000000
0000000000000000000000000000
0000000000000000000000000000
0000000000000000000000000000
0000000000000000000000000000
0000000000000000111111111100
0000000000000000111111111100
0000000000000001111111111100
0000000000000001111111111100
0000000000000000111111111100
0000000000000000111111111100
0000000000000000111111111110
0000000000000001111111111110
0000000000000011111111111110
0000000000000011111111111110
0000000000000111111111111110
0000000000011111111111111110
0000000000111111111111111111
0000011101111111111111111111
0000100111111111111111111111
1111111111111111111111111110
0111111111111111111111111111
0001111111111111100011111111
0000000000000000000001000000
0000000000000000000000000000
0000000000000000000000000000
0000000000000000000000000000
0000000000000000000000000000