0000000000000000000000000000
0000000000000000000000000000
0000000000000000000000000000
0000000000000000011000000000
0000000000000011111100000000
0000000000000011111110000000
0000000000000011111110000000
0000000000000011111111111110
0000000000000011111111111100
0000000000000011111111111100
0000000000000011111111111100
0000000000000011111111111100
0000000000000111111111111100
0000000000000111111111111110
0000000000001111111111111110
0000000000011111111111111110
0000000000111111111111111110
0000000011111111111111111110
0000011111111111111111111110
0111111011111111111111111111
0111000111111111111111111110
1111111111111111111111111110
1111111111111111111111111110
0011111111111111100011111110
0000111111110000000011111110
0000000000000000000000000000
0000000000000000000000000000
0000000000000000000000000000