0000000000000000000000000000
0000000000000000000000000000
0000000000000000000000000000
0000000000000000000000100000
0000000000000000000001110000
0000000000000011111111110000
0000000000000011111111111000
0000000000000001000000011100
0000000000000011111110011100
0000000000000011001111011100
0000000000000000001110011110
0000000000000000001111011111
0000000000000000000111111111
0000000000000000000111111111
0000000000000000001111111111
0000000000000000001111111111
0000000000000000011111111111
0000000000000000111110111110
0000000000000000111000111110
0000001100000001110000111110
0000111100000001100000111110
0000111110000011000000111110
0111111111000111000000111110
1111111111001110000000111110
0111111111111100000000111110
0000000111110000000000011100
0000000000000000000000000000
0000000000000000000000000000