0000000000000000000000000000
0000000000000000000000000000
0000000000000000000000001000
0000000000000000011111111000
0000000000000000000110001100
0000000000000000000000000100
0000000000000000000000011110
0000000000000000000000111110
0000000000000000000000111111
0000000000000000000001111111
0000000000000000000011111111
0000000000000000000011111111
0000000000000000000111111111
0000000000000000001111111110
0000000000000000001111111110
0000000000000000011111111110
0000000000000000011111011110
0000000000000000111100000010
0000000000000001111000010010
0000100111000001110000011010
0000011001000011100000000010
0101111111111111000000001110
1111111111111110000000011110
0111111111111110000000011110
0000001111111000000000011100
0000000000000000000000000000
0000000000000000000000000000
0000000000000000000000000000