0000000000000000000000000000
0000000000000000000000000000
0000000000000000001000000000
0000000000000000001111110000
0000000000000000001111111100
0000000000000000011111111000
0000000000000000011111111010
0000000000000000111111111100
0000000000000000111111111000
0000000000000001111111111000
0000000000000001111111111000
0000000000000001111111111000
0000000000000001111111111000
0000000000000011111111111000
0000000000000011111111111100
0000000000000111111111111100
0000000000001111111111111100
0000000000011111111111111110
0000000000011111111111111110
0000111111111111111111111110
0011111111111111111111111110
0111111111111111111111111110
1111111111111111111111111110
0111111111111111111111111110
0001111111111111111111111110
0000001111111000000011111100
0000000000000000000000000000
0000000000000000000000000000