0000000000000000000000000000
0000000000000000000001110000
0000000000000001111111110000
0000000000000111111111110000
0000000000001111111111110000
0000000000011111111111110000
0000000000011111111111111000
0000000000011111111111111000
0000000000011111111111111000
0000000000001111111111111000
0000000000011111111111111100
0000000000011111111111111110
0000000000010111111111111110
0000000000010111111111111110
0000000000011111111111111100
0000000000011111111111111100
0000000000011111111111111100
0000000000001111111111111100
0000000000011111111100001100
0000000000011111111100001000
0000000000111111111000001000
0000000001111111111000001000
0000011111111111110000001000
0001111111111111110000001000
0011111111111111100000001000
0000111111111111100000001000
0000000011111110000000001000
0000000000000000000000000000