0000000000000000000000000000
0000000000000000000000000000
0000000000000000000000000000
0000000000000000000000000000
0000000000000000000000000000
0000000000000000011110000100
0000000000000000011110000100
0000000000000000111111111110
0000000000000000111111111110
0000000000000001111111111100
0000000000000001111111111100
0000000000000001111111111100
0000000000000011111111111100
0000000000000011111111111100
0000000000000111111111111110
0000000000011111111111111110
0000000000011111111111111110
0000000001111111111111111110
0000001111111111111111111110
0011111111111111111111111110
0111111111111111111111111110
1111111111111111111111111110
1111111111111111110111111110
0011111111111110000011111110
0000011111111000000011111100
0000000000000000000000000000
0000000000000000000000000000
0000000000000000000000000000