0000000000000000000000000000
0000000000000000000000000000
0000000000000000000000000000
0000000000000000000000000000
0000000000000000000000000000
0000000000000000000000000000
0000000000000000000000000000
0000000000000000000000000000
0000000000000000110000000000
0000000000000001111111000000
0000000000000011111111101100
0000000000011111111111111110
0000000000011111111111111100
0000000001111111111111111110
0000011111111111111111111110
0111111111111111111111111110
1111111111111111111111111110
1111111111111111111111111110
0111111111111111111110000010
0001111110000100111111111111
0000001111111111111111111100
0000000000000000000000000000
0000000000000000000000000000
0000000000000000000000000000
0000000000000000000000000000
0000000000000000000000000000
0000000000000000000000000000
0000000000000000000000000000