0000000000000000000000000000
0000000000000000000000000000
0000000000000000000000000000
0000000000000000000000000000
0000000000000000000000100000
0000000000000000111101111000
0000000000000000000011100000
0000000000000000111111111000
0000000000000000111111111000
0000000000001111111111111000
0000000000011111111111111000
0000000000000001111111111010
0000000000000001111111111110
0000000000000011111111111110
0000000000000011111111111110
0000000000000111111111111110
0000000000001011111111111110
0000000011111111111111111110
0000011111111111111111111110
0000111111111111111111111110
0000111111111111111111111110
0111111111111111111111111110
1111111111111110111111111110
0111111111111111111111111110
0000111111111000000011111100
0000000000000000000000000000
0000000000000000000000000000
0000000000000000000000000000