0000000000000000000000000000
0000000000000000000000000000
0000000000000000010000000000
0000000000000000001001111000
0000000000000010001111111000
0000000000000110101111111100
0000000000000110111101111100
0000000000000110111101111100
0000000000000111111001111100
0000000000001111111111111100
0000000000001111111111111110
0000000000011111111111111110
0000000000011111111111111110
0000000000111111111111111110
0000000000111111111111111110
0000000001111111111111111110
0000000001111111111111111110
0000000011111111111111111110
0000000111111111111111111100
0000111111111111111111111100
0011111111111111111111111110
0111111111111111111111111110
0111111111111111111111111110
0111111111111111111111111110
0111111111111111111111111110
0011111111111111111111111110
0000001111111100000000000000
0000000000000000000000000000