0000000000001110100000000000
0000000000011111100000000000
0000000011111111101110000000
0000000000000110110000000000
0000010000000110000000000000
0000011011111111110000011000
0000111111111111111111111000
0000111111111111111111111000
0000001111000000000111100000
0001100100000000000000001100
0000111100000000000000111000
0000001100000000000000000000
0000000111111111111000000000
0000000111111111111111000000
0000000111111111111110000000
0000000111111111111111000000
0000000011000000000000000000
0000000011000000000000000000
0000000010000000000000000000
0000000111100100000000000000
0000000111111111111110000000
0000000111111111111110000000
0000000111111111111110000000
0000000011000100010000000000
0000000011000000000000000000
0000000011000100010000000000
0000000111000000000000000000
0000000111111111111110000000
