0000000000111111100000000000
0000000000111111100000000000
0000000000000110000000000000
0000110000000110000000000000
0000111000000110000000010000
0001111100000110000000110000
0001111100000110000000101000
0001011110100110000001101000
0001111111111100110001000000
0011111111111001000011001000
0000011111111001010011000000
0000001111111001010010000000
0000001111111001010010000000
0000001111111001011010000000
0000001111111001011010000000
0000001111111001011010000000
0000001111111001011010000000
0000001111111001011010000000
0000001111111101011010000000
0000001111111101111000000000
0000001111111101111010000000
0000001111111101111010000000
0000001111111101111110000000
0000001111111101111110000000
0000001111111101111110000000
0000001111111101111110000000
0000001111111101111110000000
0000001111111100100000000000
