0000000000110000011000000000
0000000111111111111111000000
0000011111111111111111110000
0000011111111111111111111000
0000111111111111111111111000
0000111111111111111111111000
0000111111100000001111111000
0001111111100000000111111000
0001111111011111110001111000
0001111111101101101101111100
0011111111110000001101101100
0000001111110111100101111100
0000000111100111101110110000
0000000011101111101110000000
0000000011110111010110000000
0000000011110111010110000000
0000000011111000111010000000
0000000011111111111110000000
0000000011111111111111000000
0000000011111111111111000000
0000000011111111111111000000
0000000011111111111111000000
0000000011111111111111000000
0000000011111111111111000000
0000000011111111111111000000
0000000011111111111111000000
0000000011111111111111000000
0000000011111111111111000000
