0000000001110100111100000000
0000001111111111111111100000
0000011000111111111011110000
0000111111000111101100111000
0000111001000000011110111000
0000111000100000001010111000
0001111100011111100100111100
0001111100011111110111111100
0001111010111111111001111100
0011101100111111111001101110
0001111101111111111001111100
0000011110011111111001100000
0000000011011010110011000000
0000000111001111110011000000
0000000011100111101011000000
0000000011101111011011000000
0000000011000111011011000000
0000000011100111010111000000
0000000011000111101111000000
0000000011000011001111000000
0000000011000100001010000000
0000000010100111001110000000
0000000010000100000110000000
0000000000000001000110000000
0000000000000001000010000000
0000000000000000000000000000
0000000000000000000000000000
0000000000000000000000000000
