0000000110000000000001000000
0000000110000000000001000000
0000000010000000000001000000
0000000010000000000011000000
0000000011000000000111000000
0000000011110000011111000000
0000000011111000111110000000
0000000011111101111111000000
0000000011111111111111000000
0000000011111111111110000000
0000000011111111111110000000
0000000011111111111110000000
0000000011111111111110000000
0000000011111111111110000000
0000000011111111111110000000
0000000011111111111110000000
0000000011111111111111000000
0000000111111111111111000000
0000000111111111111111000000
0000000111111111111111000000
0000000111111111111111000000
0000000111111111111111000000
0000001111111111111111000000
0000001111111111111111100000
0000001111111111111111100000
0000001111111111111111100000
0000001111111111111111100000
0000001111111111111111100000
