0000000000111111110000000000
0000000011111101111110000000
0000011111111111111111100000
0000111111111111111111110000
0001111111111111111111110000
0001111111111111111111111000
0001111110111110111111111000
0001111110101111010111111000
0011111111111111111111111100
0011111111111111111111111100
0000000111111111111110000000
0000000111111111111110000000
0000000111111111111110000000
0000000111111111111110000000
0000000111111111111110000000
0000000111111111111110000000
0000000111111111111110000000
0000000111111111111110000000
0000000111111111111110000000
0000000111111111111110000000
0000000111111111111110000000
0000000111111111111110000000
0000000111111111111110000000
0000000111111111111110000000
0000000111111111111110000000
0000000111111111111110000000
0000000111111111111111000000
0000000010000000000000000000
