0000000000111111111000000000
0000000111111111111111000000
0000001111111111101111100000
0000011111111111111111110000
0000011100001000000011110000
0000111111111111111111111000
0000101111111111111111111000
0000101111111111111111111000
0001101111111111111110111100
0000011111111111111110110000
0000000111111111111110000000
0000000011111111111110000000
0000000111111111111110000000
0000000111111111111110000000
0000000111111111111110000000
0000000111111111111110000000
0000000111111111111110000000
0000000111111011000010000000
0000000111111011111111000000
0000000111111011111111000000
0000000111111111111111000000
0000000111111111111111000000
0000000111111111111111000000
0000000111111111111111000000
0000000111111111111111000000
0000000111111111111111000000
0000000111111111111111000000
0000000011111111111100000000
