0000000000110000100000000000
0000000011111111111100000000
0000001111111111111110000000
0000000111111111111110000000
0000000111111111111100000000
0000000111111111110110000000
0000000100011111100010000000
0000000100011111100010000000
0000001101110000111010000000
0000001101001110011010000000
0000000111011001101000000000
0000000010010000101100000000
0000000011111111101100000000
0000000011111111101100000000
0000000011111111111100000000
0000000010011111001100000000
0000000011101100011100000000
0000000011110000111100000000
0000000011111111111100000000
0000000111111111111110000000
0000000111111111111110000000
0000000111111111111110000000
0000000111111111111110000000
0000000111111111111110000000
0000000111111111111110000000
0000000111111111111111000000
0000000111111111111110000000
0000000011111111110000000000
