0000000011000000001100000000
0000001111111101111111000000
0000001111111111111111100000
0000011111111111111111100000
0000011111111111111111100000
0000111111111111111111110000
0000111111111111111111110000
0001111111111111111111111000
0000111111111111111111110000
0000011111111111111111100000
0000001111111111111111000000
0000000111111111111110000000
0000000111111111111110000000
0000000111111111111110000000
0000000111111111111110000000
0000000111111111111110000000
0000000111111111111110000000
0000000111111111111110000000
0000000111111111111110000000
0000000111111111111110000000
0000000111111111111110000000
0000000111111111111110000000
0000000111111111111110000000
0000001111111111111110000000
0000000111111111111110000000
0000001111111111111110000000
0000001111111111111110000000
0000001111111111111110000000
