0000000000000000000000000000
0000000000000000001000000000
0000000001111111111010000000
0000110000111111100011110000
0001100000111111000011111000
0011010010000000111000011100
0011110011111111101000000100
0100110000111001110011000110
0000110000000000110111100010
0100000000000000000011110011
0111100011110000000001110010
0111100000000111111001111000
0111110000000011111100111000
0011100000000000110000011000
0000000000000111100100000000
0000000000011111111110000000
0000100000011111101111000000
0000111000000111100111000000
0000011110000011000111000000
0000011110000000000011000000
0000011110011110111011000000
0000001110011101111111000000
0000000110001111111100000000
0000001110100000011110000000
0000001110111100100000000000
0000001111000001111111000000
0000001110000000010001100000
0000001110000000010000000000
