0000000000010000111000000000
0000000011111111111111000000
0000001111111111111111100000
0000011111111111111111110000
0000011111111111111111111000
0000111111000000100111111000
0000111111111111111111111000
0000111110000000000001111000
0001111100111111111011111000
0001111110000000000011111100
0000011110001111100111110000
0000000111111111111111000000
0000000111111111111111000000
0000000110110000000011000000
0000000110110000000011000000
0000000111111111111111000000
0000000111111111111111000000
0000000111111111111111000000
0000000110111111111011000000
0000000111111111111111000000
0000000111111111111111000000
0000000111111111111111000000
0000000111111111111111000000
0000000111111111111111000000
0000000111111111111111000000
0000000111111111111111000000
0000000111111111111111000000
0000000011111111111100000000
