0000000001000000001000000000
0000001111111001111111000000
0000011111111111110111100000
0000011111111111101111100000
0000111111111111011111100000
0000111111111111111110100000
0000111111111111111111110000
0000111111111111111011100000
0000111111111111111011110000
0000111111111111111011110000
0000111111111111111011110000
0000111111111111110011110000
0000111111111111110011110000
0000111011111111110011110000
0000111011111111111011110000
0000111011111111111001110000
0000111011111111111001110000
0000111011111111111001110000
0000111011111111111001110000
0001111011111111111001110000
0001111011111111111001110000
0001111111111111111011110000
0001111111111111111101110000
0000000111111111111101000000
0000000111111111111110000000
0000000111111111111110000000
0000001111111111111110000000
0000000100000000000000000000
