0000000000110000111000000000
0000000111111111111111000000
0000011111111111111111100000
0000111111111111111111110000
0000111111111111111111111000
0001111111111111111111111000
0001111111111111111111111100
0011111111000110000111111100
0011111110000000000111111100
0011111110011000111111111110
0001111111110110111111111000
0000011111110110111111100000
0000000111111101111111000000
0000000111111100111111000000
0000000111110110011111000000
0000000111111111111111000000
0000000111111111111111000000
0000000111111111111111000000
0000000111111111111111000000
0000000111111111111111000000
0000000111111111111111000000
0000000111111111111111000000
0000000111111111111111000000
0000000111111111111111000000
0000000111111111111111000000
0000000111111111111111100000
0000000111111111111111100000
0000000000000000000000000000
