0000000000111000111000000000
0000000011111111111110000000
0000001111111111111111100000
0000011111111111111111110000
0000011111111111111111110000
0000011110111111111111110000
0000011111111111100111110000
0000011111111111111111110000
0000011111111111111111110000
0000111111101111111111110000
0000011111111111111111111000
0000000011111111111100000000
0000000011111111111100000000
0000000011111100111100000000
0000000011111111111100000000
0000000011111111111100000000
0000000011111111111100000000
0000000011111111111100000000
0000000011111111110100000000
0000000011111111111100000000
0000000011111111111110000000
0000000011111111111110000000
0000000011111111111110000000
0000000011111111111110000000
0000000111111111111110000000
0000000111111111111110000000
0000000111111111111110000000
0000000111110000011110000000
