0000000000001111111000000000
0000000000001111111000000000
0000000000000000000000000000
0000000000000000000000000000
0000000000000000000000000000
0000000000110000001000000000
0000100000110000011111000000
0000100101111000011111000000
0001000101111000000000000000
0001000110000000000000010000
0001001100111111111110010000
0001000011111111111111000000
0001000011100000000001000000
0001000010000000000000000000
0000000011100000000000000000
0000000011100100000000000000
0000000011110000000000000000
0000000011000000000000000000
0000000011111000000000000000
0000000011110000000000000000
0000000011101100000000000000
0000000011111000000000000000
0000000011111100110000000000
0000000011111110000000000000
0000000011111100000000000000
0000000011111111011000000000
0000000011111111111011000000
0000000011011111111000000000
