0000000010000000000100000000
0000000010000000000100000000
0000000010000000000100000000
0000000011000000001000000000
0000000011000000011000000000
0000000001110001111000000000
0000000011111111111000000000
0000000011111111111000000000
0000000011111111111000000000
0000000001111111111000000000
0000000001111111111000000000
0000000001111111111000000000
0000000001111111111000000000
0000000001111111111000000000
0000000001111111111100000000
0000000011111111111100000000
0000000011111111111100000000
0000000011111111111100000000
0000000011111111111110000000
0000000111111111111110000000
0000000111111111111110000000
0000000111111111111110000000
0000000011111111111100000000
0000000001111111111000000000
0000000001111111111000000000
0000000000111111110000000000
0000000000011111100000000000
0000000000000110000000000000
