0000000000000001100000000000
0000000011111111111110000000
0000001111111111111111100000
0000011111111111111111100000
0000111111111111111111110000
0000111111111111111111110000
0000111111111111111111111000
0001111111111111101111111000
0001111111111011001111111000
0011111111111111101111111100
0001111111111111110111111000
0000011111111111110111100000
0000000101111011110110000000
0000000111111111110110000000
0000000111101111110110000000
0000000111111111110110000000
0000000111011011110110000000
0000000111011111110110000000
0000000111101111101110000000
0000000111111111011110000000
0000000111111011011110000000
0000000111111111111110000000
0000000111111111111110000000
0000000111111111111110000000
0000000111111111111110000000
0000000111111111111110000000
0000000111111111111110000000
0000000000101000000000000000
