0000000011000000001100000000
0000000011110000111110000000
0000000011111001111110000000
0000000011111111111110000000
0000000011111111111110000000
0000000111111001111110000000
0000000111111111111110000000
0000000111111111111110000000
0000000011111111111110000000
0000000111111111111110000000
0000000111111111111110000000
0000000111111111111110000000
0000000111111111111110000000
0000000111111111111110000000
0000000111111111111110000000
0000000111111111111110000000
0000000111111111111110000000
0000000111111111111110000000
0000000111111111111111000000
0000000111111111111111000000
0000001111111111111111000000
0000001111111111111111000000
0000001111111111111111000000
0000001111111111111111000000
0000001111111111111111000000
0000011111111111111111100000
0000001111111111111111100000
0000000111111111111110000000
