0000000000000000000000000000
0000000001111111111100000000
0000000111111111111111000000
0000001111111111111111100000
0000001111111111111111100000
0000011111111111111111110000
0000011111111011111111110000
0000011111111011001111110000
0000111111110100001111111000
0000011111101110001111110000
0000000011111111001110000000
0000000011111111001100000000
0000000011111101001100000000
0000000001110011001100000000
0000000001100010011100000000
0000000001101000111100000000
0000000001100001111100000000
0000000001100011111110000000
0000000011111110111110000000
0000000011111001111110000000
0000000011111111111110000000
0000000011111111111110000000
0000000011111111111111000000
0000000011111111111111000000
0000000011111111111111000000
0000000111111111111111000000
0000000111111111111111000000
0000000011111111111111000000
