0000000011000000000000000000
0000001111110000111110000000
0000000111111111111110000000
0000000111001111001110000000
0000000111111111111110000000
0000000111101111111110000000
0000000111111111111110000000
0000000111110111111110000000
0000000111111111111110000000
0000000111111111111110000000
0000001111111111111110000000
0000001111111111111110000000
0000001111111111111110000000
0000001111111111111110000000
0000001111111111111110000000
0000001111111111111110000000
0000001111111111111110000000
0000001111111111111111000000
0000001111111111111111000000
0000001111110111111111000000
0000011111110111111111000000
0000011110110111111111100000
0000011110110111111111100000
0000011110110111111111100000
0000011110110111111111100000
0000111110110111111111100000
0000111111111111111111110000
0000000010110111101110000000
