0000000000011111100000000000
0000000000111111110000000000
0000000111111111111111000000
0000011111111111111111100000
0000111111110111111111110000
0000111111111111100111110000
0001111110010111100011111000
0001111111100111110111111000
0001111111001010000111111000
0011111110000000000111111000
0011111110000000000111111000
0000011111000000000111100000
0000000111000111111110000000
0000000111111111111110000000
0000000111111111110110000000
0000000011111111110110000000
0000000011111111111110000000
0000000011111111111110000000
0000000011111111111100000000
0000000011111111111110000000
0000000011111111111110000000
0000000011111111111110000000
0000000011111111111100000000
0000000011111111111110000000
0000000011111111111110000000
0000000011111111111100000000
0000000111111111111110000000
0000000011111001111100000000
