0000000011111111101100000000
0000000011111111101100000000
0000000011011111101100000000
0000000011011111111100000000
0000000011111111111100000000
0000000011111111111100000000
0000000011111111111100000000
0000000011111111111100000000
0000000011111111111000000000
0000000000111111110000000000
0000000000111111110000000000
0000000000111011110000000000
0000000000111011110000000000
0000000000111011110000000000
0000000000111011110000000000
0000000000111001110000000000
0000000000111001110000000000
0000000000111001110000000000
0000000000111001100000000000
0000000000111001100000000000
0000000000110001100000000000
0000000000110001100000000000
0000000000110001100000000000
0000000000110001100000000000
0000000011111011100000000000
0000000001110011110000000000
0000000001110001110000000000
0000000000100000100000000000
