0000000000111111110000000000
0000000001111111110000000000
0000000001111111110000000000
0000000011111111110000000000
0000000011111111110000000000
0000000011111111110000000000
0000000011111111111000000000
0000000011111111111000000000
0000000011111111111000000000
0000000011111011111000000000
0000000011111011111000000000
0000000011111011111100000000
0000000011011101111100000000
0000000011111101111100000000
0000000011111101111100000000
0000000011111101111100000000
0000000011111101111100000000
0000000011111101111100000000
0000000011111101111100000000
0000000011111101111100000000
0000000011111101111100000000
0000000011111101111100000000
0000000011111101111100000000
0000000011111101111100000000
0000000011111101111110000000
0000000011111101111110000000
0000000011111101111110000000
0000000001111100111100000000
