0000000000111111111100000000
0000000000111111111100000000
0000000000111111111100000000
0000000000111111111100000000
0000000000111111111100000000
0000000000111111111100000000
0000000000111111111100000000
0000000000111111111100000000
0000000000101111111100000000
0000000000101111111100000000
0000000000111101111100000000
0000000000111101111100000000
0000000000111101111000000000
0000000000111101111000000000
0000000000111101111000000000
0000000000111101111000000000
0000000000111101111000000000
0000000000111100111000000000
0000000000111100111000000000
0000000000111100111000000000
0000000000111100111000000000
0000000000111100111000000000
0000000000011100111000000000
0000000000011100111000000000
0000000000011100111000000000
0000000000011100111000000000
0000000000011100111000000000
0000000000011100111000000000
