0000000000011111111000000000
0000000000111111111000000000
0000000000111111111100000000
0000000000111111111100000000
0000000000111111111100000000
0000000000111111111100000000
0000000001111111111100000000
0000000001111111111100000000
0000000001111111111100000000
0000000001111111111000000000
0000000001111111111000000000
0000000001111111111000000000
0000000001111101111000000000
0000000000111101111000000000
0000000001111001111000000000
0000000001111001110000000000
0000000001111101111000000000
0000000001111001111000000000
0000000001111011111000000000
0000000001111011111000000000
0000000001110011111000000000
0000000001111011110000000000
0000000011111011110000000000
0000000011111011110000000000
0000000011111011110000000000
0000000011111011110000000000
0000000011111011110000000000
0000000001110011110000000000
