0000000011111100000100000000
0000000111111111111110000000
0000000111111111111110000000
0000000111111111111110000000
0000000111111111111110000000
0000000111111111111110000000
0000000111111111111110000000
0000000111111111111110000000
0000000111111111111110000000
0000000011111111111100000000
0000000011111111111100000000
0000000011111111111100000000
0000000011111111111100000000
0000000011111111111100000000
0000000001111111111100000000
0000000001111001111000000000
0000000001111111111000000000
0000000001111111111000000000
0000000001111111111000000000
0000000001111111111000000000
0000000001111101111000000000
0000000001111001111000000000
0000000001111001111000000000
0000000001111001111000000000
0000000001111101111000000000
0000000001111101111000000000
0000000000111111111000000000
0000000000111001111000000000
