0000000000111111110000000000
0000000001111111111000000000
0000000001111111111000000000
0000000001111111111000000000
0000000011111111111100000000
0000000011111111111100000000
0000000011111111111100000000
0000000011111111111100000000
0000000011111011111000000000
0000000011111001111000000000
0000000011111001111000000000
0000000011111001111000000000
0000000011111001111000000000
0000000011110001111000000000
0000000011110001111000000000
0000000011110001111000000000
0000000011110000111000000000
0000000011110000111000000000
0000000011110000111000000000
0000000001111000111000000000
0000000001111000111000000000
0000000001111000111000000000
0000000001111001111000000000
0000000000111001111000000000
0000000000111001111000000000
0000000000111001111000000000
0000000000111101111000000000
0000000000011001110000000000
