0000000000111111110000000000
0000000000111111110000000000
0000000001111111110000000000
0000000001111111110000000000
0000000001111111110000000000
0000000001111111110000000000
0000000001111111111000000000
0000000001111111111000000000
0000000001111111110000000000
0000000001111111110000000000
0000000001111111110000000000
0000000001111011110000000000
0000000001111011110000000000
0000000001111011110000000000
0000000001111011110000000000
0000000001111011110000000000
0000000001111011110000000000
0000000001111011110000000000
0000000001111001110000000000
0000000001111001110000000000
0000000001111001110000000000
0000000001111001110000000000
0000000001111001110000000000
0000000001111001110000000000
0000000001111001110000000000
0000000001111001110000000000
0000000001111001111000000000
0000000000111001110000000000
