0000000000010000010000000000
0000000000110000010000000000
0000000000110000010000000000
0000000000010000010000000000
0000000000010000010000000000
0000000000010000010000000000
0000000000111111110000000000
0000000000011111110000000000
0000000000010111110000000000
0000000000110000010000000000
0000000000110010010000000000
0000000000110101011000000000
0000000000110001011000000000
0000000000110001011000000000
0000000000111111111000000000
0000000001111111111000000000
0000000001111111111100000000
0000000001111111111000000000
0000000001111111111100000000
0000000001111111111100000000
0000000001111111111100000000
0000000001111111111100000000
0000000001111111111100000000
0000000001111111111100000000
0000000001111101111100000000
0000000001111101111100000000
0000000001111101111100000000
0000000001111101111100000000
