0000000000111111111100000000
0000000000111111111100000000
0000000000111111111100000000
0000000001111111111100000000
0000000001111111111100000000
0000000001111111111110000000
0000000001111111111110000000
0000000001111111111110000000
0000000001111111111110000000
0000000001111111111110000000
0000000001111111111110000000
0000000001111111111110000000
0000000001111111111110000000
0000000001111111111110000000
0000000001111111111100000000
0000000001111111111100000000
0000000001111111111100000000
0000000001111111111100000000
0000000001100111100100000000
0000000001111111111100000000
0000000001111111111100000000
0000000001111101111100000000
0000000000111101111100000000
0000000000111101111100000000
0000000000111101111100000000
0000000000111100111100000000
0000000000011100111000000000
0000000000011100111000000000
