0000000001000000000100000000
0000000000000000000100000000
0000000000111111110100000000
0000000000111111111000000000
0000000001111111111010000000
0000000001111111111010000000
0000000111111111111010000000
0000000011111111111010000000
0000000011111111111010000000
0000000000111111111000000000
0000000000111111111010000000
0000000000111111110000000000
0000000000111111110000000000
0000000000111111110100000000
0000000000111011110100000000
0000000000111011110100000000
0000000000111111101110000000
0000000000111111111110000000
0000000000111111011110000000
0000000000111111011110000000
0000000010111111111111000000
0000000010111110111111000000
0000000000111111111110000000
0000000000011111110000000000
0000000000011110000000000000
0000000000011110000000000000
0000000000001110000000000000
0000000000000000000000000000
