0000001101111111111000000000
0000001101111111011000000000
0000001101111111011000000000
0000001111111111001000000000
0000001011111111101100000000
0000011011111111101100000000
0000011011111111101100000000
0000011011111111101100000000
0000011011111111101000000000
0000001011111111100000000000
0000000011110111100000000000
0000000011110111100000000000
0000000011110111100000000000
0000000011110011100000000000
0000000011110011100000000000
0000000011110011100000000000
0000000011110011110000000000
0000000011110011110000000000
0000000001110011110000000000
0000000001110011110000000000
0000000001110011110000000000
0000000001110011110000000000
0000000001100001100000000000
0000000001100001100000000000
0000000001110001110000100000
0000000011111101110111000000
0000000001100000011000000000
0000000000000000000000000000
