0000000000011111111000000000
0000000000111111111000000000
0000000000111111111100000000
0000000000111111111100000000
0000000000111111111100000000
0000000000111111111100000000
0000000001111111111100000000
0000000001111111111100000000
0000000001111111111100000000
0000000001111111111100000000
0000000001111101111100000000
0000000001111101111100000000
0000000001111001111000000000
0000000001111001111000000000
0000000001111001111000000000
0000000001111001111000000000
0000000001111001111000000000
0000000000111001111000000000
0000000000111101111000000000
0000000000111100111000000000
0000000000111100111000000000
0000000000111100111000000000
0000000000011100111000000000
0000000000011100111000000000
0000000000011110111000000000
0000000000011110111000000000
0000000000011110111000000000
0000000000001100010000000000
