0000000000000000000000000000
0000000011111111111111000000
0000000011111111111111100000
0000000011111111111111100000
0000000111111111111111100000
0000000111111111111111110000
0000000111111111111111110000
0000001111111111111111110000
0000001111111111111111110000
0000001111111111111111110000
0000001111111111111111110000
0000001111111110111111110000
0000001111111100111111110000
0000011111111100111111100000
0000011111111000111111100000
0000011111111000011111100000
0000011111111000011111100000
0000011111110000011111100000
0000011111110000011111100000
0000011111100000011111000000
0000011111100000011111000000
0000011111100000011111000000
0000011111100000011101000000
0000001111100000001111000000
0000001111110000001111000000
0000000111110000001111000000
0000000111110000001111000000
0000000010000000000000000000
