0000000000011111000000000000
0000000000111111100000000000
0000000000111111100000000000
0000000000111111100000000000
0000000000111111110000000000
0000000000111111110000000000
0000000000111111110000000000
0000000000111111111000000000
0000000000011111111000000000
0000000000011111111000000000
0000000000011111111000000000
0000000000011111111000000000
0000000000011111111000000000
0000000000011111111000000000
0000000000011111111000000000
0000000000011111111000000000
0000000000011111111000000000
0000000000011110111000000000
0000000000001110111000000000
0000000000001110111000000000
0000000000001110011100000000
0000000000001110011100000000
0000000000001110011100000000
0000000000001100011100000000
0000000000001100011000000000
0000000000001100011000000000
0000000000001100011000000000
0000000000001100011000000000
