0000000000011111111100000000
0000000000111111111100000000
0000000000111111111100000000
0000000000111111111100000000
0000000000111111111110000000
0000000000111111111110000000
0000000001111111111110000000
0000000001111111111110000000
0000000001111111111110000000
0000000001111111111110000000
0000000001111101111110000000
0000000001111100111110000000
0000000001111100111110000000
0000000001111100111110000000
0000000001111000111110000000
0000000001111000111100000000
0000000001111000111100000000
0000000001111000111100000000
0000000001111000111100000000
0000000001111000111100000000
0000000000111000111100000000
0000000000111100111100000000
0000000000111100111100000000
0000000000011100111100000000
0000000000011110111100000000
0000000000011110111100000000
0000000000001110011100000000
0000000000001100011100000000
