0000000001111111111000000000
0000000001111111111000000000
0000000001111111111100000000
0000000001111111111100000000
0000000011111111111100000000
0000000011111111111100000000
0000000011111111111100000000
0000000011111111111110000000
0000000011111111111110000000
0000000011111101111100000000
0000000011111101111100000000
0000000001111101111100000000
0000000001111101111100000000
0000000001111101111100000000
0000000001111101111100000000
0000000001111001111100000000
0000000001111000111100000000
0000000001111000111100000000
0000000001111000111100000000
0000000001111000111100000000
0000000011111000111100000000
0000000011111000111110000000
0000000011111000111110000000
0000000011111000111110000000
0000000011111000111110000000
0000000011111000111110000000
0000000011111000111110000000
0000000001110000011110000000
