0000000000000111100000000000
0000000000111111100000000000
0000000000111111110000000000
0000000000111111110000000000
0000000000111111110000000000
0000000000111111111000000000
0000000000011111111000000000
0000000000011111111000000000
0000000000011111111000000000
0000000000111111111000000000
0000000000111111111000000000
0000000000111111110000000000
0000000000111111110000000000
0000000000111111110000000000
0000000000111111110000000000
0000000000111001110000000000
0000000000111001110000000000
0000000000111001110000000000
0000000000111001110000000000
0000000000111001110000000000
0000000000111100111000000000
0000000000011100111000000000
0000000000011000111000000000
0000000000011000110000000000
0000000000011000110000000000
0000000000011000110000000000
0000000000011000110000000000
0000000000011000110000000000
