0000000000000000000000000000
0000000000111111111100000000
0000000000111111111100000000
0000000001111111111110000000
0000000001111111111110000000
0000000001111111111110000000
0000000001111111111110000000
0000000011111111111110000000
0000000011111111111110000000
0000000011111101111110000000
0000000111111000111110000000
0000000111111000111110000000
0000000111110000111100000000
0000000111110000111100000000
0000000111100000111100000000
0000000111100000111100000000
0000000111100000111100000000
0000000011110000111100000000
0000000011110000111100000000
0000000011111000111100000000
0000000001111000111100000000
0000000001111000111100000000
0000000000111000111100000000
0000000000111000111100000000
0000000000111100111000000000
0000000000011100111000000000
0000000000000000111000000000
0000000000000000111000000000
