0000000111110001111100000000
0000000111111111111100000000
0000000111111111111100000000
0000000111111111111100000000
0000000111111111111100000000
0000000111111111111100000000
0000000111111111111110000000
0000000111111111111110000000
0000000111111111111110000000
0000000111111111111110000000
0000001111111111111110000000
0000001111111011111110000000
0000001111111011111110000000
0000001111111011111110000000
0000001111111001111110000000
0000001111111001111110000000
0000001111111001111110000000
0000001111110001111110000000
0000001111110001111110000000
0000001111110001111110000000
0000001111110001111110000000
0000001111110000111110000000
0000001111110000111111000000
0000001111110000111111000000
0000001111110000111110000000
0000001111110000111110000000
0000001111110000111111000000
0000001111100000111110000000
