0000000000010000110000000000
0000000011111111111110000000
0000001111111111111111100000
0000011111111111111111100000
0000011111111111111111110000
0000111110111111111111110000
0000111101100000001101110000
0000111100111111111111110000
0000111111011111110111110000
0000111111111111111111111000
0000111111100111001111111000
0000111111100101001111111000
0000111110111101111111111000
0000111110111111111101111000
0000111111111111111101111000
0000111110111111111101111000
0000111110111111110101111000
0000111111111111110101111000
0000111011011111111100111000
0000111011101111101100111000
0000111011110111011100111000
0001111011110000111110111000
0001110011111111111110111000
0001110011111111111110111000
0001110011111111111110111000
0001110011111111111110111000
0000110011111111111110111000
0000110000000000000000011000
