0000000000010011000000000000
0000000000100000101000000000
0000000001100010001100000000
0000000111111111111111000000
0000001111111111111111100000
0000011111111111111111100000
0000011111111111111111110000
0000011111111111111111110000
0000011111111111111111110000
0000111111111111111111110000
0000111111111111111111110000
0000111111111111111111110000
0000111111111111111111110000
0000111111111111111111110000
0000111111111111111111110000
0000111111111111111111110000
0000111111111111111111110000
0000111111111111111111110000
0000111111111111111111110000
0000111111111111111111110000
0000111111111111111111111000
0000111111111111111111111000
0000111011111111111111110000
0000111011111111111111110000
0000111011111111111111110000
0000011011111111111110110000
0000011011111111111110110000
0000010000000000000000100000
