0000000000000000000000000000
0000000000111111111100000000
0000000100111111111111000000
0000001000011111111001110000
0000011000001111100000011000
0000010000001101100001111000
0000011110001101000000011000
0000111110001011100011111000
0000111110001011100011111000
0000111110100010011111111100
0000111111111111111111111100
0000111111111111111110111100
0000111111111111111110111100
0000111011111111111110111100
0000111011111111111110011100
0001111011111111111110011100
0001111011111111111110011110
0001110010111111111110011110
0001110010111111111110011110
0001110011111111111111011110
0001110011111111111111011110
0001110011111111111111011110
0001110011111111111111011110
0001110111111111111111001110
0001110111111111111111001110
0001110111111111111111001110
0001110111111111111111001110
0000000000000000000000000000
