0000000001000000001000000000
0000000001111111111110000000
0000001100011111100011000000
0000001000000000000001000000
0000001100000010000011100000
0000011100000010000011100000
0000011110000000000111100000
0000011011001111111111100000
0000011111111111111111110000
0000011111011110110111110000
0000011111011111110111110000
0000011111011111110111110000
0000011110111111111111110000
0000011110111111111011110000
0000011111111111111011110000
0000011101111111111101110000
0000011101111111111101111000
0000111101111111111101111000
0000111111111111111101111000
0000111011111111111101111000
0000111011111111111100111000
0000111011111111111110111000
0000111011111111111110111000
0000111011111111111110111000
0000111011111111111110111000
0000011011111111111110110000
0000000011111111111110000000
0000000011111111111110000000
