0000000000011111110000000000
0000000011111111111110000000
0000001111111111111111100000
0000001111111111111111110000
0000011111111111111111110000
0000011111111111111111110000
0000011111111111111111111000
0000011111100000000111111000
0000111100000000000000111000
0000111100000000000000111000
0000111100000000000000111000
0000111111111111111101111000
0000111100111000000101111000
0000111111100000000101111000
0000111111111111111111111000
0000111111111111111111111000
0000111111111111111111111000
0000111111111111111111111000
0000111111111111111110111000
0000111011111111111110111100
0000111011111111111110111100
0000111011111111111110111100
0000111011111111111110111100
0000111011111111111111111100
0001111011111111111110111100
0000111001111111111100111000
0000111000000000000000111000
0000110000000000000000000000
