0000000000011000110000000000
0000000011111111111110000000
0000001111110000011111000000
0000001111111111111111100000
0000001111111111111111100000
0000011111110000000111110000
0000011110000001001111110000
0000011110011101011111110000
0000011110111111111111110000
0000011110111111111111110000
0000011111111111111111110000
0000011111111111111111110000
0000011111111111111111110000
0000010110111111111011110000
0000010110111111111011110000
0000011110111111111011110000
0000011111111111111111110000
0000011101111111111101110000
0000111101111111111101110000
0000011101111111111101110000
0000011101111111111101110000
0000011101111111111101110000
0000101101111111111101110000
0000001101111111111101110000
0000111101111111111100110000
0000111101111111111100111000
0000011000000000000000110000
0000001000000000000000110000
