0000000000000000000000000000
0000000111111111111111000000
0000000110000111000011000000
0000000110110000011010000000
0000000110101111000010000000
0000011110110000000111110000
0000011110000011000111110000
0000001111001111110111100000
0000011111111111111111110000
0000011101111111111101110000
0000011101111111111101110000
0000011101111111111101110000
0000011101111111111101110000
0000011101111111111001110000
0000011101111111111001111000
0000111101111111111101111000
0000111001111111111101111000
0000111001111111111100111000
0000111001111111111100111000
0000111011111111111110111000
0000111011111111111110111000
0000111011111111111110111000
0000111011111111111110111000
0000111000111111111110111000
0000011000000000000000111000
0000011000000000000000110000
0000011000000000000000110000
0000000000000000000000100000
