0000000000011111100000000000
0000000011011111101100000000
0000000110000000000110000000
0000001000000000000111000000
0000001111000000000111000000
0000001100000000000111000000
0000001110000000000111100000
0000011110011111110111100000
0000011111111111111111100000
0000011111111111111111100000
0000011101111111111011100000
0000011101111111111011100000
0000011101111111111011100000
0000011101111111111011100000
0000011101111111111011100000
0000011101111111111011110000
0000111101111111111011110000
0000111101111111111011110000
0000111011111111111111110000
0000111111111111111111110000
0000111111111111111111110000
0000111000000000000001110000
0000011000000000000001110000
0000011000000000000001110000
0000011000000000000001110000
0000011000000000000001110000
0000011000000000000001110000
0000011000000000000001100000
