0000000000000111000000000000
0000000000111111111000000000
0000000001101111111100000000
0000000001101111100110000000
0000000011111111111110000000
0000000111111100111111000000
0000000111111111100101000000
0000000111111111111011000000
0000001111111111111011100000
0000001111111111100111100000
0000001111111111111111100000
0000001111111111111111100000
0000001111111111111111100000
0000001111111111110110100000
0000001111111111110110100000
0000001111111111110110100000
0000001111111111111111100000
0000001111111111111011100000
0000001111111111111011100000
0000001111111111111011100000
0000001111111111111011100000
0000001110111111111011100000
0000001110111111111011100000
0000001110111111111011100000
0000001101111111111011100000
0000001101111111111101100000
0000001100100000001001100000
0000001100000000000001100000
