0000000000000000000000000000
0000000111100000001111000000
0000011111111111111111100000
0000011111111111111111110000
0000011111111111111111110000
0000111111111111111111111000
0000111111111111111111111000
0000111111111111111111111000
0000111111111111111111111000
0000111111111111111111111000
0000111111111111111111111100
0001111111111111111111111100
0001111111111111111111111100
0001111111111111111111111100
0001111111111111111111111100
0001111111111111111111111100
0001111111111111111111111100
0001111111111111111110011100
0001111111111111111110011100
0001111111111111111111011100
0001111111111111111111011100
0001110111111111111111011100
0011110111111111111111011110
0011110111111111111111011100
0000000111111111111111000000
0000000111111111111111000000
0000000111111111111111000000
0000000000000000000000000000
