0000000000111100111100000000
0000000111111111111111000000
0000001111111111111111100000
0000000000000100000000010000
0000000000000000000000000000
0000000100000000000000000000
0000111111111111111111000000
0000111111111111111111111000
0000111111111111111111111000
0000111111111111111111111000
0000111111111111111111111000
0000111111111111111111111000
0000111111111111111111111000
0000111111111111111111111000
0000111111111111111111111000
0000111111111111111111111000
0000111111111110111111111000
0000111100000000000001111100
0000000100000000000001111000
0000000000000000000000000000
0000000100000000000000000000
0000001111111111111111000000
0001111101111110000101111100
0001111111111111111111111100
0000001111111111111111110000
0001111111111111111111111100
0001111000000000000000111100
0000000000000000000000000000
