0000000000011111110000000000
0000000001111111111000000000
0000000001111111101000000000
0000000001111000011000000000
0000000001111000111000000000
0000000111100101111100000000
0000000111110001111110000000
0000001111111001111111000000
0000001111110111001111000000
0000001110111010110111000000
0000011111011010110111000000
0000001111000000001111000000
0000001111110000001111000000
0000011111111100001111000000
0000011111110000000111000000
0000011101111000001111100000
0000011111111100001011100000
0000011101111000001011100000
0000011101111100000011100000
0000011101101110001111100000
0000011101111111110011100000
0000011111111111101111100000
0000011111111111100111100000
0000011111111110110011100000
0000011111111111111111100000
0000011011011111111111100000
0000011011011111111111100000
0000011100000000000011100000
