0000000000010000100000000000
0000000011111111111100000000
0000001111111111111111000000
0000001111111111111111000000
0000001111111111111111100000
0000011111111111111111100000
0000011111101111011111100000
0000011111110000000111100000
0000011111001111111111100000
0000011111111011111111100000
0000011111111111111111100000
0000010111111111111111100000
0000010111111111111111100000
0000011111111111111111100000
0000011111111111111111100000
0000011111111111111111100000
0000011111111111111111100000
0000011101111111111111110000
0000011101111111111111100000
0000011101111111111111110000
0000001101111111111111110000
0000011001111111111111110000
0000011011111111111111110000
0000111011111111111111110000
0000111011111111111111110000
0000111011111111111101110000
0000111000000000000001110000
0000011000000000000001100000
