0000000000000000100000000000
0000000001111111111100000000
0000001111111111111111000000
0000011111111111111111100000
0000011111111111111110000000
0000001111111111111111100000
0000011011111111111111110000
0000001101111111111111110000
0000101110100111111111100000
0000111111011110111101110000
0000111111111111111111110000
0000101111111111111111110000
0000101111111111111111110000
0000001111111111111111110000
0001111111111111111111111000
0001111011100111111111111000
0001111011110100111111111000
0001110011111110111110111000
0001110011001111101110111000
0001110011011111111110101000
0001110111011111111110101000
0001110111011111111110110000
0001110111111111100010111000
0000110111111100111110111100
0001110111111111111110111100
0011100111111111111110011000
0011100000000011110000011100
0001100000000000000000000000
