0000000000111001110000000000
0000000111111111111110000000
0000011111111101111111100000
0000011111111111111111100000
0000011111111111111111100000
0000011111111100111111100000
0000111111111111111111110000
0000111111111111111111110000
0000111111111111111111110000
0000111111111111111111110000
0000111111111111111111110000
0000111111111111111111110000
0000111111111111111111110000
0000111111111111111111110000
0000111111111111111111110000
0000111111111111111111110000
0000111111111111111111110000
0000111111111111111111110000
0000111111111111111111110000
0000111111111111111111110000
0000111111111111111111110000
0000111111111111111111110000
0001111011111111111101111000
0001111011111111111101111000
0001111000000000000001111000
0000110000000000000000110000
0000110000000000000000110000
0000010000000000000000000000
