0000000000100000010000000000
0000000000111111110000000000
0000000111111111111100000000
0000001111100100111111000000
0000011111111111111111100000
0000011111111111111111100000
0000111111111111111111100000
0000111111111111111111110000
0000111111111111111111110000
0000111110101100101111110000
0000111110111111111111110000
0000111110111111111111110000
0000111111111111111111110000
0000111111111111111111110000
0000101111111111111111110000
0000111011111111111111110000
0000111011111111111111110000
0001111011111111111111110000
0001111011111111111111111000
0001111011111111111101111000
0001111011111111111101111000
0001111011111111111101110000
0001111111111111111101110000
0000000111111111111100110000
0001111011111111111101111000
0000111000011111111100000000
0000000111111111111110000000
0000000111111111111100000000
