0000000000010000010000000000
0000000001111111111110000000
0000001111111111111111100000
0000001111111111111111100000
0000011110000111100111100000
0000011111111111111111110000
0000011111111111111111110000
0000011111111111110111110000
0000011110111111111101110000
0000011111101111111101110000
0000011110111111111111110000
0000011110101111111011110000
0000011111101111111111010000
0000011111110110111111010000
0000010111111101010111010000
0000010110111111111111110000
0000110111111111111111111000
0000110111111111111111011000
0000110111111111111111011000
0000111111111111111111011000
0000011111111111111111110000
0000011111111111111111111000
0000011111111111111111111000
0000011111111111111111110000
0000011011101111111111110000
0000111011111111111110111000
0000011000000000000000110000
0000011000000000000000110000
