0000000000000000000000000000
0000000011100000001110000000
0000000111110000011111000000
0000000111111111111111000000
0000000111111111111111100000
0000000111111111111111100000
0000000111111111111111100000
0000001111111111111111100000
0000001111111111111111100000
0000001111111111111111100000
0000001111111111111111100000
0000001111111111111111110000
0000001111111111111111110000
0000001111111111111111110000
0000011111111111111111110000
0000011111111111111111110000
0000011111111111111111110000
0000011111111111111111110000
0000011111100000001111110000
0000011100000000000001110000
0000011110111111110001110000
0000011100000000000001110000
0000011100000000000001110000
0000011100000000000001110000
0000011100000000000001110000
0000011100000000000001110000
0000011100000000000001110000
0000001100000000000001100000
