0000000000111011110000000000
0000000011111111111100000000
0000001101000000000111000000
0000011011010000011101000000
0000011110100000011111100000
0000111111111010110111100000
0000111101001000011011100000
0000111101001011000011110000
0000111101111111010111110000
0000111111111111111111110000
0001111011111111111011110000
0001111011111111111011110000
0001111011111111111001110000
0001111001111111111001111000
0011111101111111111001111000
0011111101111111111001111000
0011111011111111111001111000
0011111011111111111011111000
0011111011111111111011111000
0011111011111111111011111100
0011111011111111111111111100
0011111011111111111111111100
0011111111111111111101111100
0011111111111111111111111100
0011111111111111111101110100
0011111000000000000001111100
0111111000000000000001111110
0000010000000000000001100000
