0000000000111111110000000000
0000000111111111111110000000
0000001111111111111111000000
0000011111000111000111100000
0000011100111111111011100000
0000011111111111111111100000
0000011111100011100111100000
0000011111111111111111100000
0000011111111111001111100000
0000011111111111111111100000
0000011101111111011011100000
0000011101111100001011100000
0000011101111100001011100000
0000011001111100001011100000
0000011001111100001011100000
0000011001111110101001100000
0000111010011100001101110000
0000111000011110000101110000
0000111000011110001101110000
0000111010011111001101110000
0000111001000011111101110000
0000111000000001001001110000
0000111000000000000001110000
0000111011111111111101110000
0000111011111111111101110000
0000111000000000000001110000
0000111000000000000001100000
0000010000000000000001100000
