0000000000001111000000000000
0000000001111111111100000000
0000000001111111111100000000
0000000011111010111110000000
0000000111111010111111000000
0000000111111010111111000000
0000001111111010111111100000
0000001111111010111111100000
0000001111111011111111100000
0000001111111110111111100000
0000001111111110111111100000
0000001111111111111111100000
0000000011111111111110000000
0000000011111111111110000000
0000000011111111111110000000
0000000011111111111110000000
0000000011111111111110000000
0000000011111111111111110000
0000011111111111111111110000
0000011111111111111111110000
0000011111111111111111110000
0000011101111111111101110000
0000011101111111111101110000
0000011101111111111101110000
0000011101111111111101110000
0000011101111111111101110000
0000001001111111111100100000
0000000000001111110000000000
