0000000001000000001100000000
0000001111111111111111000000
0000011111011111111111100000
0000011111111111111111100000
0000011111111111111111110000
0000111111111111111111110000
0000111110011111111111110000
0000111110111111111111110000
0000111111111111111111110000
0000111111111111111111110000
0000101111111111111111111000
0001111111111111111111111000
0001111101111111111111111000
0001111011111111111101111000
0001111011111111111101111000
0001111011111111111101111000
0001111011111111111101111000
0001011011111111111101111000
0001110011111111111110111000
0001110011111111111110111000
0001110111111111111110111100
0000010111111111111110111000
0000000111111111111110000000
0000000111111111111111000000
0000001111111111111111000000
0000001111111111111111000000
0000001111111111111111000000
0000000000111111111000000000
