0000000000000000000000000000
0000000000111111110000000000
0000000011111111111110000000
0000001111111111111111000000
0000011111111111111111000000
0000111111111111111111100000
0000111111111111111111100000
0000111111111111111111100000
0000111111111111111111100000
0000111111111111111111100000
0000111111111111111111100000
0000111111111111111111100000
0000111111111111111111100000
0000111011111111111011100000
0000111011111111111001110000
0000111011111111111001110000
0001111011111111111001110000
0001111011111111111101110000
0001110011111111111101110000
0001110011111111111101110000
0001110011111111111001110000
0001110011111111111100110000
0001110011111111111100110000
0001110011111111111000110000
0001110011111111111000110000
0001110000000000000000110000
0001110000000000000000110000
0000100000000000000000110000
