0000000000111111111100000000
0000000110111111111111000000
0000001111011101110011100000
0000001111111111101111100000
0000001111111111110111100000
0000011111111111111011100000
0000011111100001011011100000
0000011111100000000111100000
0000011111110100011111100000
0000010111110100011111110000
0000010111110000001111110000
0000010111111000001111010000
0000010111111100001111010000
0000011111111111001111010000
0000011111111111111101110000
0000011111111111111101110000
0000011111111110110101110000
0000011111111110111011110000
0000011111111111101011110000
0000011111111111100101110000
0000011111111111111111110000
0000011111111111111111110000
0000011111111111111111110000
0000011111111111111111110000
0000011111111111111111110000
0000011111111111111111110000
0000011011011111111111110000
0000011000000000000000110000
