0000000000110000110000000000
0000000111111111111110000000
0000001111111111111111000000
0000011111111111111111100000
0000011111111111111111100000
0000011111111111111111100000
0000011111111111111111100000
0000011111111111111111100000
0000011111111111111111100000
0000011111111111111111110000
0000011101111111111011110000
0000111101111111111011110000
0000111101111111111111110000
0000111011111111111111110000
0000111011111111111101110000
0000111011111111111101110000
0000111011111111111101110000
0000111011111111111101110000
0000111011111111111101110000
0000111011111111111101110000
0000111011111111111101110000
0000111011111111111101110000
0000111011111111111100110000
0000110011111111111100110000
0001110011111111111100111000
0001110011111111111110111000
0001110000000000000000111000
0001110000000000000000111000
