0000000011000000000010000000
0000000111111111111110000000
0000000111111111111111000000
0000001111111111111111100000
0000001111111111111111100000
0000001111111111111111100000
0000011111111111111111100000
0000011111111111111111100000
0000011111111111111111110000
0000011111111111111111110000
0000011111111111111111110000
0000011111111111110111110000
0000011111011111111111110000
0000011111011111111011110000
0000011111111111111011110000
0000011101111111111111110000
0000011101111111111101110000
0000011101111111111101110000
0000011101111111111101111000
0000011101111111111101111000
0000011101111111111110111000
0000011111111111111110111000
0000011101111111100100111000
0000111100000000000000111000
0000111100000000000000111000
0000111000000000000000110000
0000111000000000000000111000
0000011000000000000000100000
