0000000000000000000000000000
0000000001111111111000000000
0000001111111111111111000000
0000001111001110111111000000
0000011111111111111111100000
0000011111111111111111100000
0000011101111111111111100000
0000011111111111111101110000
0000011111011101111111100000
0000111111111111111111110000
0000111111111111111111110000
0000111111101110011111110000
0000111101111111111111110000
0000111111111111111111110000
0000111110111011101111110000
0000111111111111111111110000
0000101111111111111111110000
0000111111011111110011110000
0000111111111111111111110000
0000111111110011101101110000
0000111011111111111101110000
0000111011111111111101110000
0000111011011101110101110000
0000111011111111111101110000
0000111011111111111101111000
0001111010111011111101110000
0000111000000000000001110000
0000110000000000000001110000
