0000000000000000000000000000
0000001111110000111110000000
0000011111111111111111000000
0000011111111111111111100000
0000111111111111111111100000
0000111111111111111111110000
0000111111111101111111110000
0000111111111001111111110000
0000111111111001111111110000
0000111111111001111111110000
0001111110000000000101111000
0001111011000000000101111000
0001111011100000011101111000
0001111011110000111101111000
0001110011110000011100111000
0001110011100110011100111000
0001110011101111011100111000
0001110011111111111100111000
0001110111111111111110111000
0001110111111111111110110000
0001110111111111111110111000
0001110111111111111110111000
0001110111111111111110111000
0001100111111111111110010000
0001100111111111111110010000
0001100111111111111110010000
0001100111111111111110011000
0000100000000000000010010000
