0000000000011101110000000000
0000000111111111111110000000
0000001111111111110011100000
0000011000011111111000100000
0000011111111111111110110000
0000011111111111111111110000
0000011111100011111111110000
0000011111100000001111110000
0000111111111111111111110000
0000110111111111111110010000
0000111111111111111111110000
0000111111111111100111110000
0000111100011111110011110000
0000111111111111111111100000
0000011011111111111111111000
0000111011111111111101111000
0000111011100000011101111000
0000111011111111111101111000
0000101011111111111100011000
0000111011111111111110111000
0000111011111111100000111000
0000111000111111110000111000
0000111011111111111110100000
0000111011111111111110111000
0001111011111111111100111000
0001111000000000000000111000
0001111000000000000000111000
0000000000000000000000000000
