0000000000000000000000000000
0000000001111111111100000000
0000000111111001111111000000
0000000111111111111111000000
0000001111111111111111100000
0000001111111111111111100000
0000011111111111111111110000
0000011111111111111111110000
0000011111111111111101110000
0000011101111111111001111000
0000111101111111111111111000
0000111111111111111111111000
0000111111111111111111111000
0001111111111101111111111100
0001111111111111111111111100
0001111111111111111111111100
0001111111111111111111111100
0011111110111111111111111110
0011111110111111111111111110
0011111111111111111111111110
0011111111110011111101111110
0011111111111111111111111110
0111111111111111111111111110
0011100111111111111111001110
0011101111111111111111101110
0000001111111111111111100000
0000000111111111111111000000
0000000000000000000000000000
