0000000001110001110000000000
0000000111111111111110000000
0000001000001110001111000000
0000001000110001101111000000
0000011100001111001111000000
0000011100000010001111100000
0000011110000000001111100000
0000011111011001111111100000
0000011111111111111111100000
0000011100000111111111100000
0000010110011111101111110000
0000011110111111110111110000
0000111110111111110111110000
0000101110111111110111110000
0000101111111111111111110000
0000111111111111111111110000
0000111101111111111111110000
0000111101111111111111110000
0000111101111111111111110000
0000111101111111111111110000
0000111101111111111111110000
0000111101111111111111110000
0000111101111111111111110000
0000111111111111111111110000
0000111000000000000001110000
0000111000000000000001110000
0000011000000000000001110000
0000011000000000000001100000
