0000000000110001110000000000
0000000011111011111100000000
0000000011111111111111000000
0000011111111111111011000000
0000011111111111111011000000
0000011110111111111111000000
0000011110011111111111100000
0000011111111111111111100000
0000011111111111111111100000
0000111111111111111111100000
0000111111110011111011100000
0000111101110011111011100000
0000111001111111111011110000
0000111001111111111011110000
0000111011111111111011110000
0000111011111111111001110000
0000111011111111111001110000
0000111010111111111101110000
0000111010111111111101110000
0000111011111111111101110000
0000111011111111101101110000
0000110011111111111101110000
0000110011111111111101110000
0000110111111111111100110000
0000110111111111111100110000
0000110011111111111100110000
0001110000000000000000111000
0000110000000000000000110000
