0000000000000000000000000000
0000000000001100011000000000
0000000000010000000100000000
0000001100000000000001100000
0000001000001000000000010000
0000001000011000011010010000
0000010101011000011000110000
0000010100011000111100110000
0000010101111100011110111000
0000010101111000011110011000
0000010101111110111110111000
0000110101111111111110101000
0000110110111111111101101000
0000110110011110111101101000
0000100110011111111101101000
0000101110011111111101101000
0000101111011111111101101000
0000101111011111111001101000
0000101111101111111011101000
0000101111010011100110101000
0000101110011000011110111100
0000100110101111111110111100
0000100010111111111110011100
0000110010011111111010011000
0000110111011111111010011000
0000110110111111111110011000
0001110111111111111111011100
0000000000000000000010000000
