0000000000000000000000000000
0000000111110000011110000000
0000001111111111111111000000
0000001111111111111111000000
0000001111111111111111100000
0000011111111111111111100000
0000011111111111111111100000
0000011111111111111111100000
0000011111111111111111100000
0000011101111111111011100000
0000011101111111111011110000
0000011101111111111011110000
0000111101111111111001110000
0000111001111111111001110000
0000111001111111111001110000
0000111001111111111101110000
0000111001111111111101110000
0000111011111111111101110000
0000111011111111111101110000
0000111011111111111100110000
0000111011111111111110110000
0000111011111111111110111000
0000110011111111111110110000
0000110011111111111110111000
0000110011111111111110111000
0000110011111111111100110000
0000111000000000000000111000
0000000000000000000000000000
