0000000000000000000010000000
0000000111100000001111000000
0000001111111111111111100000
0000001111111111111111100000
0000001111111111011111100000
0000001111100000011111100000
0000001111101001000111110000
0000011111000001000111110000
0000011111111111111111110000
0000011111100000001111110000
0000011111111111111111110000
0000011111111111111111110000
0000011111111111111111110000
0000011111111111111111110000
0000011111111111111111110000
0000011111111111111111111000
0000111111111111111111111000
0000111111111111111111111000
0000111111111111111111111000
0000111111111111111111111000
0000111101111111111111111000
0000111101111111111111111000
0000111111111111111111111000
0000111101111111111111111000
0000111111111111111111111000
0000111100000000000000111000
0000011100000000000000110000
0000011000000000000000000000
