0000000000000000000000000000
0000000000011111100000000000
0000000001111111111000000000
0000000111111111111110000000
0000000111101111110111000000
0000001111101011111111000000
0000001111111111111111000000
0000001111111101111111000000
0000001111011111111111100000
0000001111111111110111100000
0000001111110111111111100000
0000011101111011110111100000
0000011111111111110111100000
0000011101111110110111100000
0000011111110110110111100000
0000011111110111111111110000
0000011111111111111111110000
0000011111101111110011110000
0000011101111111111111110000
0000111111111111111111110000
0000111101101111111111110000
0000111111111101011111110000
0000111011111111111111110000
0000111011111111111101110000
0000111000000000111101110000
0000011000000000000001100000
0000110000000000000001100000
0000000000000000000000000000
