0000000000111111111000000000
0000000011111111111100000000
0000000011111111111110000000
0000001111111111111111100000
0000011111111111111111110000
0000111111111111111111110000
0000111111111001111111110000
0000111111111111111111111000
0000111111111011111111111000
0000111111111010000111111000
0001111111000000001111111000
0001101111111111011111111000
0001101111100000011111111000
0001101111101111111111111000
0001101111101111101111111000
0001101111111111111111111000
0001101111111111111111111000
0001101111111111111111111000
0001111111111111111111111000
0001111111111111111111111000
0001110111111111111110111000
0001111111111111111111111000
0011110111111111111111111100
0011110111111111111110111100
0011110111111111111110111100
0011110111111111111110111000
0001110000000000000000111000
0001110000000000000000111000
