0000000000110000011000000000
0000000010000001010110000000
0000001100000010000101100000
0000010000000000000000110000
0000111011111111111110110000
0000101011111110111110010000
0000100101110011111101011000
0000100111111111001111011000
0000100111001100001101001000
0000100110010011011100001000
0000100101110011011100001000
0001100101100001011011001000
0001100110000000011111001000
0001100110110000000011001000
0001100110100000010111001000
0001000110110000101101001000
0001000111110001000100101000
0001000011100000010100101100
0001001011100101110110101100
0001000011100101110110101100
0001000001101111111110101100
0001000011111111111110101100
0001010011111111011110101100
0001000110000000000010111100
0001110011111111111110011100
0001100011111111111110011100
0001110011111111111110011100
0000000000000000000010000000
