0000000000111111111000000000
0000000111111111111111000000
0000000111111111111111000000
0000000110000000000011000000
0000000000000000000000000000
0000000001111111111100000000
0000011111111111111110110000
0000011111111111111111110000
0000011111111111111111110000
0000011111000000000111110000
0000011111111111111011110000
0000000011111111111110000000
0000001100000000000001000000
0000111100000000000001111000
0000111101111111110001110000
0000111001000000000101111000
0000111111111111111101111000
0000111011111111111110111000
0000001000000000000000100000
0000001010111111000000100000
0000111011111111111110111000
0000001011111111111110110000
0000111011111111111110111100
0000111011111111111110111100
0000000000000000000000000000
0000111000000000000000011000
0000111000000000000000011100
0000111000000000000000011000
