0000000000111111110000000000
0000000001111111111000000000
0000000001011111101000000000
0000000011101111011100000000
0000000111111110111110000000
0000001110011001000010000000
0000001111111111111001000000
0000001110111011100111000000
0000001110111001100111000000
0000000110111001100111000000
0000000110111001000110000000
0000000111000000010110000000
0000000110000000010110100000
0000000110100010000110100000
0000000110000110000110100000
0000010110000110000110100000
0000010110000110000110000000
0000010110000110000110000000
0000010110000100000110000000
0000010110001100000010000000
0000000110000100000010000000
0000001110001100000010000000
0000001110001100000011000000
0000000110101100000011000000
0000000110001100000011000000
0000010110011100000011000000
0000010110111100000011100000
0000000110100100000010000000
