0000000001100000001100000000
0000000111111111011001000000
0000001111110010011111100000
0000001111111111111111100000
0000001111111111111111100000
0000011111111111111111110000
0000011111110011100111110000
0000011111111011100111110000
0000010111111111101011110000
0000010111111101101011110000
0000011111010111111011110000
0000011111010111111011110000
0000011111110111110011110000
0000011111110111110111110000
0000011111110111110101111000
0000111111111111110111111000
0000111111111111110111110000
0000111111111111110111111000
0000111011111111110110111000
0000111011111111110110111000
0000000011111111110110110000
0000000011111111110110000000
0000000011111111110110000000
0000000011111111111110000000
0000000011111111110110000000
0000000011111111111110000000
0000000011111111111110000000
0000000001111111111100000000
