0000000000000000000000000000
0000000000000000000000000000
0000000000000000000000000000
0000000100000000000000000000
0000000000000000000000000000
0000000000000000000000000000
0000000000000000000000100000
0000011100111111111001100000
0000011111111111111111100000
0000011111111111111111110000
0000011111111111111111110000
0000011111111111111111000000
0000001100000000000000000000
0000000100000000000001000000
0000001100000000000001100000
0000000100000000000001000000
0000011101001111100101111000
0000111111111111111101111000
0000111111111111111101111000
0000011011111111111100110000
0000111011111111111100111000
0000111011111111111110111000
0000111011111111111110111000
0000111011111111111110111000
0000111111111111111110111000
0000000000000000000000100000
0000001000000000000000100000
0000001000000000000000100000
