0000000000001111110000000000
0000000001111111111000000000
0000000001111111111000000000
0000000001111111111000000000
0000000111111111111111000000
0000011111111111111111000000
0000011111111111111111100000
0000011111101101011111100000
0000011110111111100111100000
0000111111111111111111100000
0000111111111111111111100000
0000111111111111111111100000
0000111111111111111111100000
0000111111111111111111100000
0000111111111111111111110000
0000111011111111111111110000
0000111111111111111111110000
0000111011111111111111110000
0000111011111111111101110000
0000111011111111111101110000
0000111011111111111101110000
0000111011111111111101110000
0000111011111111111101110000
0000111011111111111101110000
0000111011111111111101110000
0000111011111111111101110000
0000111001111111111001110000
0000011000000000000001100000
