0000000001110001111000000000
0000000111011111101110000000
0000001111000000001111000000
0000001111100000001111000000
0000001111110000011111100000
0000001111111000111111100000
0000011111111111111111100000
0000011111111111111111100000
0000011111111111111111100000
0000011111111111111111100000
0000011111111111111111100000
0000011111111111111111110000
0000011101111111111101110000
0000011101111111111101110000
0000011101111111111101110000
0000011001111111111101110000
0000011001111111111101110000
0000011001111111111101110000
0000011011111111111111110000
0000011011111111111111110000
0000011111111111111111110000
0000111011111111111111110000
0000111011111111111111110000
0000011111111111111111110000
0000011000000000000000110000
0000011000000000000000111000
0000111100000000000000111000
0000011000000000000000110000
