0000000000111111100000000000
0000000011111111111000000000
0000000011011111101000000000
0000000111111111111100000000
0000001111111111111110000000
0000001111111111111111000000
0000001111111111001111000000
0000011111111111111111000000
0000011111111110111011100000
0000011111111110111111100000
0000011111111111110111100000
0000010111111111110111100000
0000010111111111110111100000
0000010110111111111111100000
0000010110111111111111100000
0000011110111111111111100000
0000011110111111111111100000
0000111101111111111111100000
0000111101111111111111100000
0000101101111111111111110000
0000101101111111111111100000
0000001101111111111011100000
0000001111111111111011110000
0000001101111111111011010000
0000001111111111111011010000
0000011000000000000011110000
0000011000000000000001100000
0000011000000000000001100000
