0000000000111111111000000000
0000000011111111111110000000
0000001111111111111111100000
0000011111111111111111110000
0000111100010001010111110000
0000111100000001100011111000
0000111110000111100111111000
0000111110000010000011111000
0000111111000000000011111000
0000111111110000100111111000
0000111100111000000011111000
0000111000111000000011111000
0000111000010000000011111000
0000111100000000010011111000
0000111110000100000011111000
0000111110000000010011111100
0000111100000000110011111100
0001111100001100111011111100
0001111101111100111111111100
0001111100000000001111111100
0001111100101100001111111100
0001111110110000000111111100
0001111111110001000111111100
0001111111111111101111111100
0001111111111111111111111000
0000111111111111111111111000
0001111111111111111111111000
0000000011111111111111000000
