0000000000000000000000000000
0000000011100000001100000000
0000000111111111111111000000
0000001111111111111111100000
0000011111111111111111110000
0000011111111111111111110000
0000011111111111111111110000
0000011111111111111111110000
0000011111111111111111110000
0000011111111111111111110000
0000111111111111111101111000
0000111101111111111101111000
0000111111111111111101111000
0000111111111111111101111000
0000111011111111111100111000
0000111011111111111100111000
0000111011111111111100111000
0000111011111111111110111000
0001111011111111111110111000
0001111011111111111110111100
0001111011111111111110111100
0001111011111111111110111100
0001110011111111111110111100
0001110111111111111110011100
0001110011111111111110011100
0001110000000011100000011100
0001110000000000000000011100
0001110000000000000000011100
