0000000000111111110000000000
0000000111111111111100000000
0000001101000001110111000000
0000010001011000111101100000
0000100010110010001111100000
0000111100000000110101110000
0000110100000000111111110000
0000110100011010000111110000
0001110000110011110101110000
0001111010111100111111110000
0001111001111011111011111000
0001111011111111111011111000
0001111010111111101011111000
0001111000111111111111111000
0001111010111111110101111000
0011111000111111111101111000
0011111001111111111101111000
0011110101111111110100111000
0011110101111111111110111100
0011110101111111111110111100
0011110101111111111110111100
0011110101111111111110111100
0011110101111111111010111100
0011110101111111111010111100
0111110101111111111110011110
0011110111111111111111011100
0000000101111111111101000000
0000000000000000000000000000
