0000000000000000000000000000
0000000111111000011111000000
0000001111111111111111100000
0000001111111111111111100000
0000011111111111111111110000
0000011111111111111111110000
0000011111111111111111110000
0000011111111111111111110000
0000011111111111111111110000
0000011111111111111111110000
0000111101111111111101111000
0000111101111111111101111000
0000111101111111111101111000
0000111001111111111101111000
0000111001111111111100111000
0000111001111111111110111000
0000111011111111111110111000
0000111011111111111110111000
0000111011111111111110111000
0000111011111111111110111000
0000111011111111111110111000
0000110011111111111110111000
0000110011111111111110011000
0000110000111111111110111000
0000110000000000000000011000
0000110000000000000000011000
0001110000000000000000011000
0000000000000000000000011000
