0000000011100001111000000000
0000001111111111111110000000
0000001111111111111111000000
0000011111111111111111000000
0000011111111111111111000000
0000011111111111111111100000
0000011111111111111111100000
0000011111111111111111100000
0000011111111111111111100000
0000111111111111111111100000
0000111001111111111111100000
0000111001111111111111110000
0000111001111111111101110000
0000111001111111111101110000
0000111011111111111101110000
0000111011111111111101110000
0000111111111111111111110000
0000111111111111111111110000
0001111111111111111111110000
0001111111111111111111110000
0001111111111111111111111000
0001111111111111111111111000
0001111000000000001111111000
0001111000000000000011111000
0001111100000000000011111000
0001111100000000000011111100
0011111100000000000011111100
0001110000000000000011111100
