0000000000000000000000000000
0000000000000000000000000000
0000000000000000000000000000
0000000001000000001000000000
0000000111000000001110000000
0000001111111111111111000000
0000001111111111111111000000
0000011111111111111111100000
0000011111111111111111100000
0000011111111100011111110000
0000111111100000011111110000
0000111111100111011111110000
0000111111100111111111110000
0001111111100010011111111000
0001111111111110011111111000
0001111111111111111111111000
0011111111111111111111111100
0011111111111111111111111100
0011111111111111111111111100
0111111111111111111111111110
0111111111111111111111011110
0111101111111111111111011110
1111101111111111111111011111
0111101111111111111111001000
0000001111111111111111000000
0000000011111111100000000000
0000000000000000000000000000
0000000000000000000000000000
