0000000000011111100000000000
0000000000111111100000000000
0000000001111111110000000000
0000000111111110111110000000
0000001110111111111111000000
0000001111111111111111000000
0000001111010101011111000000
0000011110010101011111000000
0000011110111111111111100000
0000011111111111111111100000
0000011111111111111111100000
0000011101111111111111100000
0000011101111111111011100000
0000011101111111111011100000
0000011101111111111011100000
0000011101111111111011100000
0000011101111111111011110000
0000011101111111111001110000
0000011001111111111101110000
0000011011111111111101110000
0000011011111111111101110000
0000011011111111111111110000
0000011011111111111111110000
0000011011111111111111110000
0000011011111111111111110000
0000011011111111111101100000
0000011011111111111101100000
0000011011111111111101100000
