0000000000001010000000000000
0000000000011111000000000000
0000000000011111000000000000
0000000000111111110000000000
0000000111111111111100000000
0000011111111111111111000000
0000011111111111111111100000
0000111111111111111111100000
0000111111111111111111100000
0000111111111111111111110000
0000111111111111111111110000
0000111111111111111011110000
0000111011111111111011110000
0000111011111111111011110000
0000111011111111111001110000
0000111011111111111001110000
0000111011111111111001110000
0001111011111111111001110000
0001111011111111111101110000
0001111011111111111101110000
0001111011111111111101110000
0001110011111111111101110000
0001110011111111111100110000
0001110011111111111100111000
0001110011111111111100111000
0001110011111111111100111000
0001110000000000000000111000
0001110000000000000000110000
