0000001100000000000110000000
0000011100000000000111000000
0000011110000000001111000000
0000011111100001101111000000
0000011111110011111111000000
0000011111111011111111100000
0000011111111001111111100000
0000011111111111111111100000
0000111111111111111111100000
0000111111111111111111100000
0000111111111111111111100000
0000111111111111111111100000
0000111111111111111111100000
0000111111111111111111100000
0000111111111111111111100000
0000111111111111111111110000
0000111111111111111111110000
0000111111111111111111110000
0000011011111111111101100000
0000000011111111111100000000
0000000011111111111100000000
0000000011111111111100000000
0000000011111111111110000000
0000000011111111111100000000
0000000011111111111100000000
0000000011111111111000000000
0000000001111111111000000000
0000000000011111100000000000
