0000000000010000110000000000
0000000001111111111100000000
0000001110100010000011100000
0000011011111100111111110000
0000011111111111111111110000
0000011111111111111111110000
0000111111111111111111111000
0000111111111111111101111000
0000111111111111111101111000
0000111111111111111101111000
0000111111111111111101101000
0001111111111111111101101000
0001111111111111111001101000
0001111011111111111001111000
0001111011111111111101111100
0001111011111111111001111100
0001111011111111111001111100
0001111011111111111100111100
0001111011111111111100111100
0001111011111111111110111100
0001111011111111111110111100
0001111011111111111110111100
0001111011111111111110111100
0001111011111111111110111100
0001111011111111111110111100
0000111011111111111110111000
0000111011111111111110111000
0000110011111111111110011000
