0000000000000111111000000000
0000000111111110111111000000
0000000111111111110111000000
0000000111111111111111100000
0000011111111101111111110000
0000011111111111111111110000
0000111111111111111111111000
0000111110000000000111111000
0000111111111111111111111000
0000111011111111111111111000
0001111110000000000011111000
0001111011111111111111111000
0001101011111111101111111000
0001101011111111111111111000
0001101011111111111111111000
0001001011111111111111111100
0001001011111111110111111100
0001101111111111110111111100
0001101111111111111111111100
0011101111111111111101111100
0011101111111111111101101100
0011101111111111011110110100
0011101111111111011110111100
0011100111111101101110111100
0011100111111101101110010100
0011100111111111111111011100
0001100111111111111110011100
0001100000000000000000011000
