0000000000111111110000000000
0000001111011111101111000000
0000011111100000011111100000
0000001111000000001111010000
0000111100000000000011110000
0001111000000000000001111000
0001111000000000000001111000
0011111100000000000011111100
0000101100010010000011000000
0001111101111111111011110000
0001111101111111111111111000
0001111111111111110111111000
0001111011111111111101111000
0001011011111111111101111000
0001011011111111110101101000
0001110111111111111110101000
0001110111111111111110111000
0011110111111111111110111100
0011110111111111111110111100
0011110011111111111100111100
0011110111111111111110111100
0011110111111111111110111100
0010110111111111111110111100
0011110111111111111110111100
0011100000000000000000011100
0011100000000000000000011100
0011110000000000000000111100
0001100000000000000000011000
