0000000000011111110000000000
0000000000111111111000000000
0000000000111111111000000000
0000000011111101111110000000
0000000111111111111111000000
0000001111101000010011100000
0000001111111111011111100000
0000011111111010101011110000
0000011111111111101101110000
0000011110101111101111110000
0000011110111111111111110000
0000011110111111111111110000
0000011111111111111111110000
0000111111111111111111111000
0000111111111111111011111000
0000111111111111111011111000
0000111111111111111011111000
0000111111111111111011111000
0000111111111111111011111000
0000111111111111111111111000
0000111111111111111101111000
0000111101111111111101111000
0001111111111111111101111000
0001111111111111111110111100
0001111011111111111110111100
0000111011111111111110011000
0000111011111111111110011000
0000110011111101011010010000
