0000000000100000110000000000
0000001010111111111011000000
0000001011001111001111000000
0000011011110000010111100000
0000011110001111010111000000
0000011110000110010111000000
0000011110101111110111100000
0000011110111111110111100000
0000010110111111111111100000
0000010110111111110111100000
0000011110111111111111100000
0000011110111111111111100000
0000111110111111110111110000
0000111110111111111111110000
0000111111111111111111110000
0000111111111111111111110000
0000111111111111111111110000
0000111111111111111011110000
0000111111111111111011110000
0000111101111111111111110000
0000111101111111111111110000
0000111101111111111111111000
0000111101111111111111111000
0000111111111111111111111000
0000111111111111111011110000
0000111000000000000001111000
0000110000000000000001110000
0000010000000000000000110000
