0000000001111111111000000000
0000001111001100001110000000
0000011111111111111111100000
0000111111111111111111100000
0000111111111111111111110000
0000111111111111110011110000
0000111111111111110011110000
0000111111111111111011110000
0000111111111111111111110000
0000111111111111111011110000
0000111111111111111011110000
0000111011111111111011110000
0000111011111111111001110000
0000111011111111111001110000
0000111011111111111101110000
0000111011111111111101110000
0000111011111111111101110000
0000111011111111111101111000
0001110011111111111101111000
0001110011111111111100111000
0001110011111111111100111000
0001110001111111111000111000
0000000000000111110000000000
0000000000000000100000000000
0000000001100000000000000000
0000000000011100000010000000
0000000000000011111000000000
0000000000000000001010000000
