0000000000000111000000000000
0000000000010111110000000000
0000000000111111110000000000
0000000000111000110000000000
0000000001100001011000000000
0000000111111111111110000000
0000001111111110001111000000
0000001111110000100111000000
0000001110110000110011000000
0000011110110000010011000000
0000011110100000000011100000
0000011110100000000011100000
0000011110110000000111100000
0000011110110000000111100000
0000011110110000000011100000
0000011111010000000011100000
0000011111010000000011100000
0000011111010000001111100000
0000011111010000001111100000
0000011111110000000011100000
0000011111111010000111100000
0000011111111110000111100000
0000011111011111100111100000
0000011111111001100111100000
0000011111111111111111100000
0000011101111111111011100000
0000011101111111111011100000
0000011100000000000011100000
