0000000000011000010000000000
0000000001111111111100000000
0000001111111111111111100000
0000001111111111111111110000
0000001111111111111111110000
0000011111111111111111110000
0000011111111111101111110000
0000011111011011111111111000
0000011111111111111111111000
0000011111111111111111111000
0000011111111111110011111000
0000011111111111111111111000
0000011111111111111111111000
0000011111111111111111111000
0000011111111111111111111000
0000111111111111111111111000
0000111111111111111111111000
0000111101111111111111111000
0000111101111111111110111000
0000111101111111111110111000
0000111001111111111110111000
0000111011111111111110111000
0000111011111111111110111000
0000111011111111111110111000
0000111011111111111110011000
0000111011111111111110011000
0000110011111111111110011000
0000000000000000000000000000
