0000000000111000111000000000
0000000001111111110010000000
0000000001100001111010000000
0000000011110111111110000000
0000000011111111111111000000
0000000011101111101111000000
0000000001111111111101000000
0000000001100001111101000000
0000000101110001111101000000
0000000101110011111111000000
0000000111110011111011100000
0000000111011001111110100000
0000000111011011001110000000
0000001111001110110011000000
0000000011101110110110000000
0000000001111111100100000000
0000000001001110101110000000
0000000001100100101010000000
0000000001110011111110000000
0000000000111010111010000000
0000000001111110110100000000
0000000001111110111110000000
0000000000111111111010000000
0000000001110111110110000000
0000000001110000110110000000
0000000001100111111110000000
0000000001111111111110000000
0000000001111111110000000000
