0000000001100011110000000000
0000000111111111111100000000
0000001111111111111111000000
0000001111111111111111000000
0000011111111111111111000000
0000011111111111111111000000
0000011111111111111111100000
0000011111111111111111100000
0000011111111111111111100000
0000011111111111111111100000
0000011111111111111111100000
0000011111111111111111100000
0000011111111111111111100000
0000011111111111111111100000
0000111111111111111111100000
0000111111111111111111100000
0000111111111111111111110000
0000111111111111111011100000
0000111101111111111111110000
0000111110011111111111100000
0000011111111101111111100000
0000011111111111111111100000
0000010100111111111111100000
0000010111111111111111100000
0000011111111111111111100000
0000011111111111111111100000
0000011111111111111111100000
0000000000001111110000000000
