0000000000110000110000000000
0000000001111111111100000000
0000000001111111111100000000
0000000001111111111100000000
0000000001111111111100000000
0000000001111111111100000000
0000000001111111111100000000
0000000001111111111100000000
0000000001111111111100000000
0000000001111111111100000000
0000000001111110111100000000
0000000001111110111100000000
0000000001111110011100000000
0000000001111100011100000000
0000000001111110001100000000
0000000001111110001100000000
0000000001111111101100000000
0000000001111111111100000000
0000000001111111111110000000
0000000001111111111110000000
0000000011111111111110000000
0000000011111111111110000000
0000000011111111111110000000
0000000011111111111110000000
0000000011111111111110000000
0000000011111111111110000000
0000000001111111111110000000
0000000001111111111100000000
