0000000000111101110000000000
0000000011111111111100000000
0000000111111111111110000000
0000000111111111111110000000
0000000111111111111110000000
0000000111111111111110000000
0000000111111111111110000000
0000000111111111111110000000
0000001110111111110111000000
0000001110111111110111000000
0000001110111111110111000000
0000001110111111110111000000
0000001110111111110111000000
0000001110111111110111000000
0000001111111111111111000000
0000001111111111111111000000
0000001111111111111111000000
0000001111111111111111000000
0000001111111111111111000000
0000001111111111111111000000
0000000011111111111111000000
0000000011111111111100000000
0000000011111111111100000000
0000000111111111111100000000
0000000111111111111110000000
0000000111111111111110000000
0000000111111111111110000000
0000000001111111111000000000
