0000000000011110110000000000
0000000001111111111100000000
0000000001101101101100000000
0000000001110010001100000000
0000000011111111111110000000
0000000011111111111110000000
0000000011111111111110000000
0000000011111111111110000000
0000000111111111111111000000
0000000111111111111111000000
0000000111011111111111000000
0000000111111111111111000000
0000001111111111111111100000
0000000010111111111110000000
0000000000111111111000000000
0000000000111111111000000000
0000000001111111111100000000
0000000001111111111100000000
0000000001111011111100000000
0000000001111011111100000000
0000000001111111111100000000
0000000001111111111100000000
0000000001111111111100000000
0000000001111111111100000000
0000000001111111111100000000
0000000001111111111100000000
0000000001111111111100000000
0000000000111111111000000000
