0000000000011111100000000000
0000000001111111111100000000
0000000001111111111100000000
0000000001111111110100000000
0000000011111111100100000000
0000000011111111101100000000
0000000011011111101110000000
0000000011011011110110000000
0000000110011011110110000000
0000000110011111110110000000
0000000110011111010010000000
0000000110111111110011000000
0000000100111111011011000000
0000001100111111011011000000
0000001100111111011001100000
0000001100111111011001100000
0000000000111011011000000000
0000000000111011111000000000
0000000000111111111000000000
0000000000111111111000000000
0000000000111111111000000000
0000000000111111111000000000
0000000000111111111000000000
0000000000111111111000000000
0000000000111111111000000000
0000000000111111111000000000
0000000000111111111000000000
0000000000111111110000000000
