0000000000000000000000000000
0000000001100000011000000000
0000000011110000111100000000
0000000001111001111000000000
0000000001111101111000000000
0000000001111111111000000000
0000000001111101111000000000
0000000000111001111000000000
0000000000111010110000000000
0000000000100000001000000000
0000000000111111110000000000
0000000001111111111000000000
0000000001111111111100000000
0000000011111111111100000000
0000000011111111111100000000
0000000111111111111110000000
0000000111111111111110000000
0000000111111111111110000000
0000000111111111111111000000
0000001111111111111111000000
0000001111111111111111000000
0000001111111111111111100000
0000001111111111111111100000
0000001111111111111111100000
0000001111111111111111110000
0000011111111111111111110000
0000001111111111111111000000
0000000001001111111000000000
