0000000000011000100000000000
0000000000011111000000000000
0000000000011111000000000000
0000000000011000100000000000
0000000000011110100000000000
0000000000011010100000000000
0000000000011001000000000000
0000000000011110000000000000
0000000000011111000000000000
0000000000111111100000000000
0000000000110111100000000000
0000000000110111100000000000
0000000000110111000000000000
0000000000110111100000000000
0000000000110111100000000000
0000000000110111100000000000
0000000000111111110000000000
0000000000111111110000000000
0000000000111111110000000000
0000000000111111110000000000
0000000000111111110000000000
0000000001111111110000000000
0000000001111111110000000000
0000000001111111111000000000
0000000001111111111000000000
0000000001111111111000000000
0000000001111111111000000000
0000000001111111111000000000
