0000000000111111101000000000
0000000011111111101100000000
0000000011110000011110000000
0000000111111111111110000000
0000000111111111011111000000
0000000111111111001111000000
0000000111111111111111000000
0000000111111111111111000000
0000000111011111110111000000
0000000110011111110111000000
0000001110111111110011000000
0000001110111111110011100000
0000001110111111111011100000
0000001110111111111011100000
0000001110111111111011100000
0000001110111111111011100000
0000001110111111111011100000
0000001101111111111011000000
0000001101111111111001000000
0000001101111111111001000000
0000001101111111111001100000
0000001101111111111001100000
0000001101111111111001100000
0000000001111111111101000000
0000000001111111111100000000
0000000001111111111100000000
0000000001111111111100000000
0000000001111111111000000000
