0000000000001111000000000000
0000000000111111111000000000
0000000001111101111100000000
0000000011111111111100000000
0000000011111111111110000000
0000000011111111111110000000
0000000111111111111110000000
0000000111111111111111000000
0000000111111111111111000000
0000000111011111110011000000
0000001110011111110011100000
0000001110011111110011100000
0000001110111111111001110000
0000001100111111111001100000
0000000000111111111100000000
0000000001111111111100000000
0000000001111111111100000000
0000000001111111111100000000
0000000011111111111110000000
0000000011111111111110000000
0000000011111111111110000000
0000000011111111111111000000
0000000011111111111111000000
0000000111111111111111000000
0000000111111111111111000000
0000000111111111111111000000
0000000111111111111111000000
0000000000111111110000000000
