0000000000111000111000000000
0000000001111111111100000000
0000000000111111111000000000
0000000000111111111000000000
0000000000111111111000000000
0000000000111111111000000000
0000000000111111111000000000
0000000000111111111000000000
0000000000111111111000000000
0000000000111111111000000000
0000000000111111111000000000
0000000001111111111000000000
0000000001111111111000000000
0000000001101111111100000000
0000000000000010001100000000
0000000000000000000000000000
0000000000000010000000000000
0000000000000010000000000000
0000000000000110000000000000
0000000000000110000000000000
0000000000000110000000000000
0000000000000110000000000000
0000000000000110000000000000
0000000000000110000000000000
0000000000000110000000000000
0000000000000110000000000000
0000000000000110000000000000
0000000000000000000000000000
