0000000001000000000100000000
0000000011111111111110000000
0000000110010010011111000000
0000000111011111111111000000
0000000111111110111111000000
0000000111111111111111000000
0000000111111111111111000000
0000000111111111111111000000
0000001111111111111111100000
0000001111111111111111100000
0000001111111111111111100000
0000001111111111111111100000
0000001111111111111011100000
0000001111111111111111110000
0000011110111111111111110000
0000011111111111111111110000
0000011111111111111111110000
0000011111111111111011110000
0000011111111111111011110000
0000011111111111111111111000
0000010111111111111111111000
0000111111111111111111111000
0000000111111111111111000000
0000000011111111111110000000
0000000011111111111110000000
0000000111111111111110000000
0000000111111111111111000000
0000000000000100000000000000
