0000000000010000010000000000
0000000000111000110000000000
0000000000111111110000000000
0000000000110101110000000000
0000000000110110110000000000
0000000000101111010000000000
0000000000011001110000000000
0000000000011111110000000000
0000000000010000110000000000
0000000000011111110000000000
0000000000111111111000000000
0000000000111111111000000000
0000000000111111111000000000
0000000001111111111100000000
0000000001111111111100000000
0000000001111111111100000000
0000000001111111111100000000
0000000001111111111100000000
0000000001111111111100000000
0000000001111111111100000000
0000000001111111111100000000
0000000001111111111100000000
0000000001111111111100000000
0000000011111111111110000000
0000000011111111111110000000
0000000011111111111110000000
0000000011111111111110000000
0000000000000011000000000000
