0000000000111111111000000000
0000000001111111111100000000
0000000011111111111110000000
0000000011111111111110000000
0000000011111111111110000000
0000000011111111111110000000
0000000011011111110110000000
0000000011011111110110000000
0000000011011111110110000000
0000000011011111110111000000
0000000111011111110011000000
0000000010011111111010000000
0000000111111111111111000000
0000000010111111111110000000
0000000010111111111110000000
0000000110111111111111000000
0000000010111111111110000000
0000000010111111111110000000
0000000000111111111000000000
0000000000111111111000000000
0000000000111111111000000000
0000000000000000011000000000
0000000000111111111000000000
0000000000111111111000000000
0000000000011111110000000000
0000000000011111111000000000
0000000000011111110000000000
0000000000011111110000000000
