0000000000000000000000000000
0000000000000000000000000000
0000000001100000001000000000
0000000111111111111110000000
0000001111111111111110000000
0000001111111111111111000000
0000011111111111111111100000
0000011111111111111111100000
0000111111111111111111100000
0001111111111111111111110000
0001111111111111111111111000
0011111111111111111111111000
0011111111111111111111111100
0111111111111111111111111100
0111111111111111111111111110
1111111111111111111111111111
0111001111111111111111101110
0001011111111111111111101100
0000011111111111111111100000
0000011111111111111111100000
0000011111111111111111100000
0000011111111111111111100000
0000011111111111111111110000
0000011111111111111111110000
0000011111111111111111110000
0000011111111111111111110000
0000000000000011111111110000
0000000000000000000000000000
