0000000000000100100000000000
0000000000000111100000000000
0000000000000011100000000000
0000000000000110100000000000
0000000000001111110000000000
0000000000001111110000000000
0000000000000111110000000000
0000000000000111110000000000
0000000000001111110000000000
0000000000001111110000000000
0000000000001111110000000000
0000000000001111111000000000
0000000000011111111000000000
0000000000011111111000000000
0000000000011111111000000000
0000000000011111111000000000
0000000000011111111000000000
0000000000011111111000000000
0000000000111111111000000000
0000000000111111111000000000
0000000000111111111000000000
0000000000111111111000000000
0000000000111111111100000000
0000000000111111111100000000
0000000000111111111100000000
0000000000111111111100000000
0000000001111111111100000000
0000000000011101111000000000
