0000000000100000001100000000
0000000011110000011110000000
0000000011111111111110000000
0000000001111111111100000000
0000000000111111111000000000
0000000000111111111000000000
0000000000111111111000000000
0000000000011111110000000000
0000000000011111110000000000
0000000000011111110000000000
0000000000011111110000000000
0000000000111111110000000000
0000000000111111111000000000
0000000000111111111000000000
0000000000111111111000000000
0000000000111111111000000000
0000000000111111111000000000
0000000000111111111000000000
0000000000111111111000000000
0000000000111111111000000000
0000000000111111111000000000
0000000000111111111000000000
0000000000111111111000000000
0000000000111111111000000000
0000000000111111111000000000
0000000000111111111000000000
0000000000111111111000000000
0000000000011111110000000000
