0000000000011111100000000000
0000000001000110001100000000
0000000010000000000010000000
0000000100000000000111000000
0000000101111111111111000000
0000000111111101111111000000
0000000101111101111111000000
0000000101111111111111000000
0000000111100000001101000000
0000000111000001101101000000
0000000111011111101111000000
0000001111011111110111000000
0000001011011111110111100000
0000000110111111110111100000
0000000110111111111111100000
0000000110111111111111100000
0000000110111111111111100000
0000000110111111111111100000
0000001110111111111111100000
0000001110111111111111100000
0000001110111111111111100000
0000001110111111111011000000
0000001110111111111111000000
0000000001111111111100000000
0000000011110111111100000000
0000000011111111111100000000
0000000001111111111100000000
0000000001111111111000000000
