0000000000000000110000000000
0000000000011111111000000000
0000000000111110111100000000
0000000001111111111100000000
0000000001111011111100000000
0000000001111111111100000000
0000000001111111111100000000
0000000011111111111110000000
0000000011111111111110000000
0000000011111111101111000000
0000000011111111100011000000
0000000011111111100000000000
0000000111111111100000000000
0000000011111111100000000000
0000000111111111110000000000
0000000110111111110000000000
0000000111111111110000000000
0000000111111111110000000000
0000000111111111110000000000
0000000111111111110000000000
0000000111111111110000000000
0000000111111111110000000000
0000000111111111100000000000
0000001111111111100000000000
0000001111111111100000000000
0000001111111111100000000000
0000001111111111100000000000
0000000110000101000000000000
