0000000001100000011100000000
0000000001100000011100000000
0000000001110000011000000000
0000000001111111111000000000
0000000000111111111000000000
0000000001111111111000000000
0000000001111111111100000000
0000000001111111111100000000
0000000001111111111100000000
0000000001111111111100000000
0000000001111111111100000000
0000000011111111111100000000
0000000011111111111100000000
0000000011111111111100000000
0000000010000000000000000000
0000000110110000010010000000
0000000110100000010001000000
0000000110100000010001000000
0000001110100000010100000000
0000001010100000010000000000
0000001010100000010000100000
0000010000100000010010100000
0000010100100000011010010000
0000010101100000011011010000
0000010101100000011001000000
0000010101100000011001101000
0000111001100100011001110000
0000000001001000001000000000
