0000000000010000111000000000
0000000111111111111110000000
0000000111111110100111000000
0000001111111111100111000000
0000001111110111011111100000
0000011111111111110100100000
0000011111111110110111110000
0000011111111111111111110000
0000000011011111111110000000
0000000011111111111100000000
0000000001100111111100000000
0000000011111111111100000000
0000000011111111111100000000
0000000011111111111100000000
0000000011111111111100000000
0000000011111111111100000000
0000000011111111100100000000
0000000011111111101100000000
0000000011111111001100000000
0000000001111111101100000000
0000000001111010111100000000
0000000011111010011100000000
0000000011111111100100000000
0000000011111111111100000000
0000000011110111111100000000
0000000011111110100100000000
0000000011111111111110000000
0000000011011011111100000000
