0000000000010000010000000000
0000000001111111111110000000
0000000111111111111111100000
0000001111111111111111100000
0000000111111011111111000000
0000000111110001111111000000
0000000011100001111110000000
0000000001101111111100000000
0000000001110011111100000000
0000000001110000011100000000
0000000011110001011100000000
0000000011100101111100000000
0000000011111101111100000000
0000000011111011111110000000
0000000011111001111110000000
0000000011110111111110000000
0000000011111111111110000000
0000000111111111111111000000
0000000111111111111111000000
0000000111111111111111000000
0000001111111111111111100000
0000001111111111111111100000
0000001111111111111110100000
0000011111111111111111110000
0000011111111111111111110000
0000111111111111111111111000
0000001111111111111111111000
0000000000111111111111000000
