0000000000011010110000000000
0000000001111111111100000000
0000000011100111111110000000
0000000011111000111110000000
0000000011111111111110000000
0000000011111111101110000000
0000000011111111101110000000
0000000011111111111110000000
0000000011011111110110000000
0000000011011111110110000000
0000000011011111110110000000
0000000111011111110110000000
0000000111011111110111000000
0000000111111111111111000000
0000000111111111111111000000
0000000001111111111000000000
0000000001111111111100000000
0000000001111111111100000000
0000000001111111111100000000
0000000001111111111100000000
0000000001111111111100000000
0000000001111111111100000000
0000000001111111111100000000
0000000001111111111100000000
0000000001111111111100000000
0000000001111111111100000000
0000000001111111111100000000
0000000001111111111100000000
