0000000000010000001000000000
0000000000010000011000000000
0000000000010000011000000000
0000000000010000010000000000
0000000000011101110000000000
0000000000111111111000000000
0000000000111111111000000000
0000000000011111110000000000
0000000000111111110000000000
0000000000111111111000000000
0000000000111111111000000000
0000000000111111111000000000
0000000000111111111000000000
0000000000111111111000000000
0000000000111111111000000000
0000000001111111111000000000
0000000001111111111000000000
0000000001111111111100000000
0000000001111111111100000000
0000000001111111111100000000
0000000001111111111100000000
0000000001111111111100000000
0000000001111111111100000000
0000000001111111111100000000
0000000001111111111100000000
0000000001111111111100000000
0000000001111111111100000000
0000000001111111111000000000
