0000000000110000011000000000
0000000001011111110000000000
0000000000001111101100000000
0000000001110111001100000000
0000000001110000011100000000
0000000001100000001100000000
0000000001110000011100000000
0000000011110000011111000000
0000000010111111111000000000
0000000011001111110110000000
0000000011000000010110000000
0000000011110111011110000000
0000000010110111011110000000
0000000001110111111110000000
0000000011010111000110000000
0000000111110000011111000000
0000000011110000011100000000
0000000011111111110110000000
0000000110001111110111000000
0000000001100000001100000000
0000000001111111111100000000
0000000001110111111100000000
0000000000111111101000000000
0000000001110000011100000000
0000000001110000011100000000
0000000001111111111000000000
0000000000011111111100000000
0000000001111111111100000000
