0000000001100000001100000000
0000000011110000011110000000
0000000111110000011111000000
0000000011111000111110000000
0000000001111100111110000000
0000000011111111111100000000
0000000001111111111100000000
0000000001111111111100000000
0000000001111111111100000000
0000000000111111111100000000
0000000000011111111000000000
0000000000011111111000000000
0000000000111111111000000000
0000000000111111111100000000
0000000000111111111100000000
0000000001111111111100000000
0000000001111111111100000000
0000000001111111111110000000
0000000001111111111110000000
0000000001111111111110000000
0000000001111111111110000000
0000000001111111111110000000
0000000001111111111110000000
0000000011111111111110000000
0000000011111111111110000000
0000000011111111111111000000
0000000011111111111111000000
0000000000111111110000000000
