0000000000001000100000000000
0000000000111111110000000000
0000000001111111111100000000
0000000011111111111110000000
0000000011111111111110000000
0000000111111101111110000000
0000000111111101110111000000
0000000111111101111111000000
0000000111110101111111000000
0000001111111101011111100000
0000001110011111111011100000
0000001110011111111011100000
0000011110111111111011100000
0000011100111111111001110000
0000011100111111111001110000
0000111001111111111100110000
0000111001111111111100110000
0000110001111111111100011000
0001110001111111111100011100
0001100001111111111100001000
0000000001111111111100000000
0000000001111111111100000000
0000000001111111111100000000
0000000001111111111100000000
0000000001111111111100000000
0000000001111111111100000000
0000000001111111111100000000
0000000000111111111000000000
