0000000000000000000000000000
0000000000011000110000000000
0000000000011000110000000000
0000000000011101110000000000
0000000000011111110000000000
0000000000111111110000000000
0000000000111111111000000000
0000000000111111111000000000
0000000000111111111000000000
0000000000111111111000000000
0000000000111111111000000000
0000000000111111111000000000
0000000000111111111000000000
0000000001111111111000000000
0000000001111111111000000000
0000000001111111111000000000
0000000001111111111000000000
0000000001111111111100000000
0000000001111111111100000000
0000000001111111111100000000
0000000001111000011100000000
0000000001110000011100000000
0000000001110000011100000000
0000000001110000011100000000
0000000001100000001100000000
0000000001100000001100000000
0000000001100000000100000000
0000000000000000000100000000
