0000000000011000000000000000
0000000000011111111000000000
0000000000011010111000000000
0000000000111111011000000000
0000000000001100011000000000
0000000000111100111000000000
0000000000110000111000000000
0000000000110110010000000000
0000000000111110011000000000
0000000000111100011000000000
0000000000010011110000000000
0000000000111111111000000000
0000000001111100111000000000
0000000001010110111000000000
0000000001110101111100000000
0000000000100011111100000000
0000000001111111111110000000
0000000000111110101110000000
0000000011011111011110000000
0000000010111111111110000000
0000000001110100111100000000
0000000101100110011110000000
0000000111101111100011000000
0000000000001111110110000000
0000000101100110111110000000
0000000111100110111111000000
0000000111100111111111000000
0000000011101101110110000000
