0000000000111111111000000000
0000000111111111111110000000
0000001111111101111111000000
0000001011111111111110100000
0000011011111111100001100000
0000001111111111000011000000
0000000111111111111110000000
0000000011111111101000000000
0000000001111111101000000000
0000000001111111011000000000
0000000001111111111000000000
0000000001111101111000000000
0000000001111111011000000000
0000000001110011101000000000
0000000011110111101100000000
0000000011111111111100000000
0000000011111110111110000000
0000000111100111111110000000
0000000011111111101100000000
0000000011111100011100000000
0000000011111011011100000000
0000000011110011001100000000
0000000011010111001100000000
0000000011111011111100000000
0000000011011011111100000000
0000000011011111111100000000
0000000011111101011100000000
0000000001111111001100000000
