0000000000000000100000000000
0000000000111111111100000000
0000000011111111111110000000
0000000111111111111111000000
0000000111111111111111000000
0000000111111111111111100000
0000000111111111111111100000
0000001111111111111111100000
0000001111111111111111100000
0000001111111111111111100000
0000001110111111111011100000
0000001110111111111011100000
0000001110111111111011100000
0000001110111111111011100000
0000001110111111111001100000
0000001110111111111101100000
0000001111111111111111100000
0000001111111111111111110000
0000001111111111111111110000
0000001111111111111111110000
0000001111111111111111110000
0000000111111111111111110000
0000000011111111111111000000
0000000111111111111111100000
0000000111111111111111100000
0000000111111111111111100000
0000000111111111111111100000
0000000000010000111000000000
