0000000000100100110000000000
0000000111111111111110000000
0000001111110110111110000000
0000001111111111111111000000
0000011111111111111111000000
0000011111111111111111000000
0000011111111111111111100000
0000011111111111111111100000
0000011111111111111111100000
0000011111111111111111100000
0000110111111111111111100000
0000111111111111111111100000
0000011111111111111111100000
0000110111111111111111100000
0000111111111111111111100000
0000111111111111111111100000
0000110111111111111111110000
0000111111111111111111100000
0000110111111111111111110000
0000111111111111111111110000
0000111111111111111111110000
0000000111111111111110000000
0000000111111111111110000000
0000000111111011111110000000
0000000111111111111110000000
0000000111111111111111000000
0000000111111111111110000000
0000000000000000000000000000
