0000000000111000110000000000
0000000000111111111000000000
0000000000111111111000000000
0000000000111111111000000000
0000000000111111111000000000
0000000000111111111000000000
0000000000111111111000000000
0000000000111111111000000000
0000000000111111111000000000
0000000000111111111000000000
0000000000111111111000000000
0000000000111111111000000000
0000000001111111111100000000
0000000001111110111100000000
0000000011101111111100000000
0000000011111111111110000000
0000000011111100111110000000
0000000111111101011110000000
0000000111101101111011000000
0000000111101101111111000000
0000000111111101010111000000
0000000111111110011111000000
0000000111111100111111100000
0000001111011111101101100000
0000001111011111111111000000
0000001111001111111111100000
0000001111111111111111100000
0000000000111110111000000000
