0000000000111111110000000000
0000000011111111101100000000
0000000111100000011110000000
0000000111111111111110000000
0000000111111111111110000000
0000000111111111111110000000
0000001111111111111111000000
0000001111111111101111000000
0000001111111111100111000000
0000001111011111110111000000
0000001111111111110111100000
0000001111111111110111100000
0000001111111111110111100000
0000001111111111110111100000
0000001111111111110011100000
0000001111111111111011100000
0000001111111111111011100000
0000011111111111111011100000
0000011101111111111111110000
0000011101111111111101110000
0000011111111111111111100000
0000000011111111111110000000
0000000011111111111110000000
0000000011111111111111000000
0000000111111111111111000000
0000000111111111111111000000
0000000111111111111111000000
0000000000111111111000000000
