0000000000011000111000000000
0000000001111111111110000000
0000000011111111111111000000
0000000111111111111111000000
0000000111111111111111000000
0000000111111111111111000000
0000000111111111111111000000
0000000111111111111011000000
0000000111111111110011000000
0000000110111111110011000000
0000000110011111110011000000
0000000110011111110011000000
0000000110111111110011000000
0000000110111111110011000000
0000000110111111111011000000
0000000100100000000011000000
0000000111111111111111000000
0000000111111111111111000000
0000000111111111111111100000
0000000111111111111111000000
0000000111111111111110000000
0000000111111111111111000000
0000000111111111111111000000
0000000111111111111111000000
0000001111111111111111100000
0000001011111111111111000000
0000001111001111111001100000
0000000000111111011000000000
