0000000000001111100000000000
0000000000111111111000000000
0000000000111111111000000000
0000000000111111111100000000
0000000001111111111100000000
0000000001111111111100000000
0000000001111111101100000000
0000000001101111101100000000
0000000001101111110100000000
0000000011011111110110000000
0000000011011111110110000000
0000000011011111110010000000
0000000010011111111011000000
0000000110011111111011000000
0000000010011111111001000000
0000000000011111111000000000
0000000000011111111000000000
0000000000011111111000000000
0000000000011111111000000000
0000000000011111111000000000
0000000000011111110000000000
0000000000011111110000000000
0000000000011111110000000000
0000000000011111110000000000
0000000000011111110000000000
0000000000011111110000000000
0000000000011111110000000000
0000000000001111110000000000
