0000000000011111110000000000
0000000000011111110000000000
0000000000010000010000000000
0000000000011111111000000000
0000000000111111111000000000
0000000000111111111000000000
0000000000111111111000000000
0000000000111111111000000000
0000000000111111111000000000
0000000000111111111000000000
0000000000111111111100000000
0000000000111111111100000000
0000000000111111111100000000
0000000001111111111100000000
0000000001111111111100000000
0000000001111111111100000000
0000000001111111111100000000
0000000001111111111100000000
0000000001111111111100000000
0000000001101111111100000000
0000000001101111111100000000
0000000001111111111100000000
0000000011101111111110000000
0000000011111101111110000000
0000000011111111111110000000
0000000011111111111110000000
0000000011111111111110000000
0000000000011111111000000000
