0000000000000000000000000000
0000000001100001011000000000
0000000001100000011000000000
0000000001100000111000000000
0000000001111000110000000000
0000000001111011111000000000
0000000001111111111000000000
0000000001111111111000000000
0000000001111111111100000000
0000000001111111111000000000
0000000001111111111000000000
0000000001111111111010000000
0000000101111111111110000000
0000000011111111111100000000
0000000011111111111100000000
0000000011111111111100000000
0000000011111111111100000000
0000000011111111111100000000
0000000111111111111110000000
0000000111111111111110000000
0000000111111111111110000000
0000000111111111111110000000
0000000111111111110110000000
0000000111111111111110000000
0000000111111111111110000000
0000000111111111111110000000
0000000111111111111110000000
0000000011111111110100000000
