0000000000000000001100000000
0000011111111000011111110000
0000011001110111111101100000
0000001111110001011101100000
0000011111111111111111100000
0000001111111111111101100000
0000001110110111111101100000
0000001111111111011111000000
0000000110111011111111000000
0000001101111011111111000000
0000001101110011111111100000
0000001001011011010111100000
0000001011111011110011100000
0000011111011010111011110000
0000011001111011110011110000
0000011111111110111011110000
0000111111110010111111111000
0000111010110010111111111000
0000110011110110110011111000
0001110011010110111111111000
0001111111111110110101111100
0001011111110110110101111100
0001110111011110110111111100
0011110111111110110101110100
0011111111111110110101110100
0011111111110110111111111110
0001111111111110111111110000
0000000010000010010000100000
