0000000000000011100000000000
0000000000001111110000000000
0000000000011111111000000000
0000000011111111111110000000
0000001111111111111111100000
0000001111111111111111100000
0000001111111111111111100000
0000011111111111111111110000
0000011111111111111111110000
0000011111111111111111110000
0000011111111111111111110000
0000011111111111111111110000
0000011111111111111111110000
0000011111111111111111110000
0000011111111111111111110000
0000011111111111111111110000
0000011111111111111111110000
0000011111111111111111110000
0000111111111111111111110000
0000111111111111111111111000
0000111111111111111111111000
0000111011111111111111111000
0000111011111111111111111000
0000111001111111111100111000
0000111011111111111100111000
0000011001111111111100110000
0000011000000000000000110000
0000000000000000000000110000
