0000000000001111100000000000
0000000000011111110000000000
0000000001110111111100000000
0000000111110111011110000000
0000000110110010111101000000
0000001110110010011111100000
0000001110110010111111100000
0000001110110010111111100000
0000011110110010111110110000
0000011011110010111110110000
0000011111110010111111110000
0000010111110010111111110000
0000010111111110111111110000
0000010111111110111111110000
0000010111111010111111110000
0000010111111010111111111000
0000011111110110111111011000
0000010111110110111111011000
0000110111110110111111011000
0000110111110110111111111000
0000111111110110111111011000
0000111111110110111111111000
0000111111111110111111111000
0000111111111110111111111000
0000111100000110000001111000
0000111100000000000001111000
0000111100000000000001111000
0000111000000000000000111000
