0000000000100111100000000000
0000000011111111111000000000
0000000011111101111000000000
0000000011111101111000000000
0000000111111111100110000000
0000000111111111100111000000
0000001111111011111111000000
0000001111111011111111000000
0000001111111111111111000000
0000011111111011111111000000
0000011111111111111111000000
0000011111111011111111000000
0000011111111011111111100000
0000011101111101111111100000
0000011111111100111111100000
0000011111111100111111100000
0000011111111111111110100000
0000011111001101111110100000
0000011111011101111111100000
0000011111111101111111100000
0000111111111101111111100000
0000111111111101111111110000
0000011111111111100111110000
0000011111111111110111100000
0000011111111001111111100000
0000011111111011111111100000
0000011111111101111111100000
0000000111111101111100000000
