0000000000001111000000000000
0000000000011111100000000000
0000000000011111100000000000
0000000001101111011100000000
0000000100011111110010000000
0000001111111111111011000000
0000001100000010000011000000
0000001111111111100011000000
0000001111111101110111000000
0000011111111111111111100000
0000011111101111001111100000
0000011111111111100111100000
0000011110111111111111100000
0000011110111111110111100000
0000011110111111110111100000
0000011110111111110111100000
0000011110111111110111100000
0000011110111111110111100000
0000111110111111110111110000
0000111111111111111111110000
0000111111111111111111110000
0000111111111111111111110000
0000111101111111111011110000
0000111100000000000011110000
0000111100000000000001110000
0000111100000000000001110000
0000111000000000000001110000
0000011000000000000001100000
