0000000000001111100000000000
0000000000001111100000000000
0000000000011111110000000000
0000000011111111111110000000
0000001111111111111111100000
0000001111111111111111100000
0000001111111011111111100000
0000001111111111111111100000
0000011111111111111111110000
0000011111111111111111110000
0000011111111111111111110000
0000011110111111111111110000
0000011110111111111111110000
0000011110111111111111110000
0000011110111111111111110000
0000011111111111111111110000
0000111101111111111101111000
0000111101111111111101111000
0000111101111111111101111000
0000111101111111111101111000
0000111101111111111101111000
0000111101111111111101111000
0000111101111111111101111000
0000111101111111111101111000
0000111101111111111101111000
0001111111111111111110111100
0000111101111111111100111000
0000111000111111111000111000
