0000000000000111000000000000
0000000000111111110000000000
0000000000111111111000000000
0000000001111111111000000000
0000000000111111110000000000
0000011000000000000000000000
0000011000000000000000100000
0000011000100010111000100000
0000011000000010010000100000
0000011000000010000000100000
0000011000000000000001100000
0000111000000010000001100000
0000111111111111111111110000
0000111111111111111111110000
0000111111111111111111110000
0000111111111111111111110000
0000111111111111111111110000
0000111111111111111111100000
0000111111111111111111110000
0000111111111111111111110000
0000111111111111111111110000
0000111111111111111111110000
0000111111111111111111110000
0000111011111111111111110000
0000111011111111111101110000
0000111011111111111101110000
0000111011111111111101110000
0000010000000000000000100000
