0000000000001111100000000000
0000000000111111111000000000
0000000000111111111100000000
0000000001100101001100000000
0000000001100111001000000000
0000000011111111111110000000
0000000011111111111110000000
0000000111111101111111000000
0000000111111111111111000000
0000000111111111111111000000
0000000111111111111111000000
0000000111111111111111000000
0000000111111111111111000000
0000000111111111111111000000
0000000111111111111111000000
0000000111111111111111000000
0000001111111111111111000000
0000001111111111111111000000
0000001111111111111111000000
0000001111111111111111000000
0000001111111111111111000000
0000001111111111111111100000
0000001111111111111111100000
0000000111111111111111100000
0000000111111111111111000000
0000000000101111111100000000
0000000000000000000000000000
0000000000000000000000000000
