0000000001111111100000000000
0000000111111111111100000000
0000001111111101111110000000
0000001111111011111111000000
0000011111111111111111000000
0000011111111111111111000000
0000011111111111111111000000
0000011111111011111111000000
0000011111111111111111000000
0000011111111111111111000000
0000011111111111111111100000
0000011101111111111011100000
0000011111111111111111100000
0000011011111111111011100000
0000011011111111111111100000
0000011011111111111111100000
0000011011111111111101100000
0000011011111011111101100000
0000111011111111111111100000
0000111011111111111101100000
0000011011111011111101110000
0000111111111111111111110000
0000110111111111111111110000
0000000111111111111110100000
0000000111111111111110000000
0000000111111111111110000000
0000000111111111111110000000
0000000000111111110000000000
