0000000000000000000000000000
0000000000011111110000000000
0000000011001111110010000000
0000000000000111100000000000
0000000000000111100111000000
0000000000010011000100000000
0000000000001111100000000000
0000001000111111110101100000
0000001111111111111111100000
0000001111111111111111100000
0000001111111111111111100000
0000001111111111111111100000
0000001111111111111111110000
0000001111111111111111110000
0000001111111111111111110000
0000011111111111111111110000
0000011111111111111111110000
0000011111111111111111110000
0000011111111111111111110000
0000011111111111111111110000
0000011111111111111111110000
0000011111111111111111110000
0000011111111111111111110000
0000111111111111111111110000
0000111101111111111111111000
0000011101111111111110110000
0000011000111111111000110000
0000001000000000000000000000
