0000000000000000000000000000
0000000000011110100000000000
0000000000111111110000000000
0000000011111111111100000000
0000000111001010111111000000
0000001011100111111011000000
0000001111110111110111000000
0000011111111110111111000000
0000011111111111101111000000
0000010111110111001111100000
0000011110110110110111100000
0000010111011110111111100000
0000011111110110110111000000
0000111111101111101111000000
0000111111011010111011100000
0000111101110110111011110000
0000111001110111011011110000
0000101001011111111011110000
0000111001011111010001100000
0000111011000110011001110000
0000101010111110001001110000
0000011011111011111101100000
0000111011111011111101110000
0000111011111110110100010000
0000110011111111101100110000
0000110000000000000000110000
0000110000000000000000110000
0000100000000000000000100000
