0000000001110000000000000000
0000000000111111111100000000
0000000011111111100110000000
0000000111011111101111000000
0000000101111001011001100000
0000001111111110110100100000
0000001111111011001111100000
0000001110100000000011100000
0000001111100000000011100000
0000011111111100000111100000
0000011011111100000111100000
0000011111011000001111100000
0000001111100100001111100000
0000001111110101001011110000
0000010111010101001011100000
0000010111111110100111110000
0000010111101111111111110000
0000010111101111111011110000
0000011111101111101011110000
0000011111111111111011110000
0000011011111111111011010000
0000111011111111111011110000
0000111011111111101111110000
0000111011111111111101110000
0000111011111111111111010000
0000111011111111111111110000
0000000000000000000101110000
0000000010000000000100000000
