0000000000001111000000000000
0000000000011111100000000000
0000000000111111110000000000
0000000001111111111100000000
0000000111111111111111000000
0000001111111111111111100000
0000011111111111111111110000
0000011111111111111111110000
0000011111111111111111110000
0000111111111011111111110000
0000111111111111111111110000
0000111111111111111111110000
0000111111111111111111110000
0000111111111111111111110000
0000111111111111111111110000
0000111111111111111111110000
0000111111111111111111110000
0000111111111111111111110000
0000110011111011111111110000
0000110011111111111111110000
0001110011111111111111110000
0001110011111111111101111000
0001110111111111111110111000
0001110111111111111110111000
0000010111111111111110111000
0000000111101111111110000000
0000000111111111111110000000
0000000001111111111100000000
