0000000000111111110000000000
0000000001111111111000000000
0000000001111111111000000000
0000000011111111111100000000
0000000111111111111100000000
0000000111111111111100000000
0000000111011110111100000000
0000000111111110111110000000
0000000111110111111110000000
0000000111011111111110000000
0000000111111111111110000000
0000000111111111111110000000
0000001111111111111110000000
0000001111111111111110000000
0000001111111111111110000000
0000001111101111111111000000
0000001111111111111111000000
0000001111111111111111000000
0000001111111111111111000000
0000001111111111111111000000
0000001111111111111111000000
0000000001111111111000000000
0000000001111111111000000000
0000000000111111110000000000
0000000000001101000000000000
0000000000000000000000000000
0000000000000110000000000000
0000000000000110000000000000
