0000000000001111100000000000
0000000000011111110000000000
0000000000011111110000000000
0000000001111111101100000000
0000000111111111111111000000
0000001110111011111111100000
0000001110011111111111100000
0000001111111111110001100000
0000001111111111111111110000
0000011111111111111111110000
0000011111111111111111010000
0000011111111111111011010000
0000011110111111111011110000
0000011111111111110011110000
0000011111111111110011110000
0000011111111111111111111000
0000011111011111111011111000
0000011111011111110111111000
0000011111011111111111111000
0000011101111111110111111000
0000011111111111110101111000
0000011111111111110111111000
0000011111111111101111111000
0000011101111111111101111000
0000011111111111111111111000
0000011101111111111110111000
0000011100000000000000111000
0000011100000000000000110000
