0000000000000000000000000000
0000000000011111000000000000
0000000000011111100000000000
0000000011111011111100000000
0000001111100110111111000000
0000001111111111100111000000
0000011111111110111011000000
0000011110110110111111100000
0000011111110111100111100000
0000011111101111111111100000
0000011110111111101111100000
0000011111111111111111100000
0000011111111111111111100000
0000011111011111101111100000
0000011111111111111111100000
0000011111111111111111100000
0000011110111111111111100000
0000111111110111111111100000
0000111111111111111111100000
0000111111111111111111100000
0000111111111111111111110000
0000111100000000000011110000
0000111100000000000011110000
0000111000000000000011110000
0000111000000000000011110000
0000111000000000000011110000
0000111000000000000001110000
0000011000000000000001100000
