0000000000001111100000000000
0000000000011111110000000000
0000000001111111111100000000
0000000111110110111111000000
0000001111111000111011000000
0000001111111111111111100000
0000001111111101111111100000
0000001111111101111111100000
0000001111111111111111110000
0000011111111111111111110000
0000011111111111111111110000
0000011111111111111111110000
0000011111111111111111110000
0000011111011111111111110000
0000011111111111111111110000
0000011111111111111111110000
0000011111111111111111110000
0000011111111111111111110000
0000011111111111111111110000
0000011111111111111111110000
0000111111111111111111111000
0000011111111111111111111000
0000011110111000000001110000
0000011100000000000001110000
0000011100000000000001110000
0000011100000000000001110000
0000011100000000000001110000
0000001100000000000000110000
