0000000000011111110000000000
0000000000111111111000000000
0000000000010010011100000000
0000000001011111110100000000
0000000011011111111110000000
0000000111001110100011000000
0000001000000010000001100000
0000001111111111111111000000
0000000111111111111110000000
0000011111111111111111100000
0000011000000010000001110000
0000011000000010000001110000
0000000111111111111111000000
0000000111111111111111000000
0000011111111111111111110000
0000011000000010000000110000
0000011101111111111011110000
0000001111111111111111100000
0000000111111111111111000000
0000111110000010000111010000
0000111000000010000001111000
0000111011111111111001111000
0000001111111111111101000000
0000000111111111111111000000
0000011100000010000011111000
0000011000000110000000111000
0000000111111111111111000000
0000000010100000011111000000
