0000000000001111100000000000
0000000000011111110000000000
0000000001111111101000000000
0000000011111111111110000000
0000000111111111111111000000
0000000111101111011111000000
0000000111011111110111000000
0000001111111111111111100000
0000001111111111111111100000
0000001111111111111111100000
0000001111111111111111100000
0000001111111111111111100000
0000001111111111111111100000
0000001111011111111111100000
0000001111111111101111100000
0000001111111111111111100000
0000001111111111111111100000
0000001111111111111111110000
0000001111111111111111110000
0000001110110111111111110000
0000001111110111111111110000
0000011111110111111111110000
0000011101111111111101110000
0000011101111111111101110000
0000000101111110011100000000
0000000001111111111100000000
0000000001111111111100000000
0000000000000010000000000000
