0000000000001111100000000000
0000000000011111100000000000
0000000000111111110000000000
0000001111111111111111000000
0000011111111111111111100000
0000111111111111111111110000
0000111111111111111111110000
0000111111111111111111110000
0000111111111111111111110000
0001111111111111111111110000
0001111111111111111111111000
0001111111111111111111111000
0001111111111111111111111000
0001111111111111111101111000
0001111011111111111101111000
0001111011111111111100111000
0001111011111111111100111000
0001110011111111111100111000
0001110011111111111110111000
0001110011111111111110111000
0001110111111111111110111000
0001110111111111111110111000
0001110111111111111110111000
0001110111111111111110011100
0001110000111111111000011100
0011110000000000000000011100
0011100000000000000000011100
0000000000000000000000000000
