0000000000011111000000000000
0000000000011111100000000000
0000000011111111111100000000
0000001111111111111110000000
0000001111111111111111000000
0000001111111111111111000000
0000011111111111111111100000
0000011111111111111111100000
0000011111111111111111100000
0000011111111111111111100000
0000011111111111111111100000
0000011111111111111111100000
0000011111111111111111100000
0000011111111111111111100000
0000011111111111111011100000
0000111111111111111111100000
0000111101111111111011100000
0000111101111111111011100000
0000111001111111111001100000
0000111001111111111001110000
0000111001111111111001110000
0000111001111111111101110000
0000111001111111111101110000
0000111011111111111101110000
0000111011111111111101110000
0000111001111111111001110000
0000111000000000000001110000
0000010000000000000000000000
