0000000000011111100000000000
0000000001111001111000000000
0000000011000011101110000000
0000000110111111110110000000
0000000110111111110010000000
0000000011111111111110000000
0000000011111111111110000000
0000000111111111111111000000
0000001111111111110111000000
0000001111111111110111000000
0000001111111111111111000000
0000001111111111111111000000
0000001111111111111111100000
0000001111111111111111100000
0000001111111111111111100000
0000001111111111111111100000
0000001111111111111111100000
0000011111111111111111100000
0000011111111111111111100000
0000011111111111111111100000
0000011111111111111111100000
0000011111111111111111100000
0000011111111111111111100000
0000011111111111111111100000
0000001111111111111110000000
0000000011111111111110000000
0000000001111111111000000000
0000000000001001000000000000
