0000000000001111000000000000
0000000000011111100000000000
0000000001111111110000000000
0000000111110111111110000000
0000001111111111111111000000
0000011111111111111111100000
0000011111111111111111100000
0000011111111111111111100000
0000011111111111111111100000
0000111111111111111011110000
0000111111111111111111110000
0000111101101111111111110000
0000111100111111111111110000
0000111111111111111111110000
0000111111111111111111110000
0000111101111111111111110000
0000111101111111111011110000
0000111101111111111011110000
0000111101111111111011110000
0000111101111111111011110000
0000111101111111111011110000
0000111001111111111111110000
0000111011111111111101110000
0000111001111111111001110000
0000111011111111111101110000
0000111000000111110101110000
0000111000000000000001111000
0000111000000000000001110000
