0000000000000000000000000000
0000000000000000000000000000
0000000000000000000000000000
0000000000001111100000000000
0000000000001111100000000000
0000000001100011000110000000
0000001111100000000011100000
0000001111110000000001100000
0000001111111100000011100000
0000011111111111001111100000
0000011111111111011111110000
0000011111111111111111110000
0000011111111111111111110000
0000011111111111111111110000
0000011111111111111111110000
0000011111111111111111110000
0000011111111111111111110000
0000011111111111111111110000
0000011111111111111111110000
0000111111111111111111111000
0000111111111111111111111000
0000111111111111111111111000
0000111111111111111111111000
0000111111111111111111111000
0000111111111111111111111000
0000111000000001000000111000
0000111000000000000000111000
0000000000000000000000000000
