0000000000011111100000000000
0000000000111111110000000000
0000000011111111111100000000
0000011111111111111111000000
0000011111111111111111100000
0000011111111111111111100000
0000111111111111111111100000
0000111111111111111111100000
0000111111111111111111100000
0000111111111111111111110000
0000111111111111111111110000
0000111111111111111111110000
0000111111111111111111110000
0000111011111111111011110000
0000111011111111111011110000
0000111011111111111011110000
0000111011111111111001110000
0000111011111111111101110000
0000111011111111111101110000
0000111011111111111101110000
0000111111111111111111110000
0000111111111111111111110000
0000111111111111111111110000
0000111000001110000001110000
0000111000000000000001110000
0000110000000000000000110000
0001110000000000000000111000
0000110000000000000000110000
