0000000000000000000000000000
0000000000111111110000000000
0000000000111111110000000000
0000000000111111110000000000
0000000001111111111000000000
0000000011111111111100000000
0000000111111111111110000000
0000000111111111111111000000
0000001111111111111111100000
0000011100101111011011100000
0000011111110110111101100000
0000011111110110000011100000
0000011101111011110011100000
0000010111111111100111100000
0000001111110010101111100000
0000011111100110011111100000
0000111111001110111111110000
0000111111110110011111110000
0000111111111111111111110000
0000111111111111111111110000
0000111111111111111111110000
0000111111111111111111110000
0000111111111111111111110000
0000111111111111111111110000
0000111111111111111111110000
0000111111111111111111110000
0000011101111111111011110000
0000011100000000000001100000
