0000000000000000000000000000
0000000000001111100000000000
0000000000111111100000000000
0000000111101111011110000000
0000001111110111111111000000
0000001111111011111111000000
0000011111111111111111100000
0000011111111111111111100000
0000011111111111111111100000
0000011111111111111111100000
0000111111111111111111110000
0000111111111111111111110000
0000111111111111111111110000
0000111111111111111111110000
0000111111111111111111110000
0000111111111111111111110000
0000111111111111111111110000
0000111111111111111111110000
0001111111111111111111110000
0001111111111111111111110000
0001111011111111111111110000
0001111011111111111101111000
0001111011111111111101110000
0001111000000000000001110000
0001111000000000000001110000
0000111000000000000001110000
0000111000000000000000110000
0000110000000000000000110000
