0000000000000000000000000000
0000000000111111110000000000
0000000000111111110000000000
0000000000111111110000000000
0000000000111111110000000000
0000000000111111111000000000
0000000111111111111111000000
0000001101111111111111000000
0000001111111111111111100000
0000011111111111111111100000
0000011111111111111111100000
0000011111111111111111110000
0000011111111111111111110000
0000011111111111111111110000
0000011111111111111111110000
0000011111111111111111110000
0000011111111111111111110000
0000011111111111111111110000
0000011111111111111111110000
0000011101111111111111110000
0000011101111111111101110000
0000011101111111111101110000
0000011101111111111101110000
0000011101111111111101110000
0000111111111111111110110000
0000111001111111111100110000
0000111000000000000000111000
0000011000000000000000110000
