0000000000000000000000000000
0000000000111111101000000000
0000000011101111101100000000
0000000011101111001110000000
0000000111100111011110000000
0000000111111110111110000000
0000000111110111111110000000
0000000111111111111110000000
0000000111111111111110000000
0000000111111111111110000000
0000000111111111101111000000
0000000111111111101111000000
0000001111111111111111000000
0000001111111111111111000000
0000001111111111111111000000
0000001111111111111111000000
0000001111111111111111000000
0000001111111111111111000000
0000001111111111111110000000
0000001111111111111110000000
0000000111111111111111000000
0000000001111111111000000000
0000000001111111111000000000
0000000001111111111000000000
0000000001111111111100000000
0000000001111111111100000000
0000000001111111111100000000
0000000001101111111000000000
