0000000000011001100000000000
0000000000111111110000000000
0000000111101111111100000000
0000001111111110111111000000
0000011111111111011111000000
0000011111111111111111100000
0000011111111111111111100000
0000011111111111111011100000
0000011111111111111011100000
0000111111111111111111110000
0000111111111111111111110000
0000111111111111111111110000
0000111111111111111111110000
0000111111111111111111110000
0000111111111111111111110000
0000111111111111111111110000
0000111111111111111111110000
0000111111111111111111110000
0001111111111111111111111000
0001111111111111111111111000
0001111111111111111111111000
0001111111111111111111111000
0001111000000000000011111000
0001111000000000000001111000
0001111000000000000001111000
0000111000000000000001110000
0000111000000000000001110000
0000110000000000000000110000
