0000000000100000000000000000
0000000001111111110000000000
0000000111111111111000000000
0000001111111011111110000000
0000011111111111111111000000
0000011111111111111111100000
0000111111111111111111100000
0000111111111111111111100000
0000111111111111111111100000
0000111111111111111111110000
0000111111111111111111110000
0001111011111111111111110000
0001111011111111111001110000
0001111011111111111001110000
0001111011111111111001110000
0001111011111111111001110000
0001110011111111111001111000
0001110011111111111100111000
0001110011111111111100111000
0001110011111111111100111000
0001110111111111111100111000
0011110111111111111110111000
0011110111111111111110111000
0011110000000000000000111000
0011110000000000000000111000
0011110000000000000000111000
0011110000000000000000111100
0001110000000000000000111000
