0000000000001111100000000000
0000000000011111110000000000
0000000011111111111110000000
0000000110100111000011000000
0000001101000010000101100000
0000001111000000001101100000
0000001111100010001011000000
0000001111000010000011000000
0000001111001010100011000000
0000001111011110100010000000
0000001111011110100110000000
0000000111111110100110100000
0000011111011111100110100000
0000011111011111110110110000
0000011111011110111110110000
0000011110111111111111110000
0000011110011011111100110000
0000011110011111111011110000
0000011111111111110011110000
0000011110111111111111111000
0000111111111111111111110000
0000101110111111110011111000
0000111111111111111101101000
0000001111111111111111111000
0000101100000000000001101000
0000111000000000000001111000
0000111000000000000000111000
0000011000000000000000110000
