0000000000001111110000000000
0000000000111111110000000000
0000000001111111111000000000
0000000001110111111000000000
0000000001110111111000000000
0000000111100111011100000000
0000000111110111111110000000
0000001111110111111111000000
0000001111111111111111000000
0000001111110111110111000000
0000001011101111011111000000
0000001011111111111111000000
0000001011110110111111000000
0000001111111111111111000000
0000001111111111111111000000
0000011101111111111011100000
0000011101111111111011100000
0000011101111111111011100000
0000011101111111111011100000
0000011101111111111011100000
0000011111111111111111100000
0000011111111111111111100000
0000011111111111111111100000
0000011111111111111111100000
0000011111111111111111100000
0000011011111111111111100000
0000011011111111111111100000
0000001000000000000001100000
