0000000000000000000000000000
0000000000001111100000000000
0000000000011111110000000000
0000000011111111111110000000
0000001111001111100111000000
0000001110000010000011100000
0000011100110010011001100000
0000011100111010111001100000
0000011000110010011000110000
0000011100110010010001110000
0000011000000010000001110000
0000011100001010000001110000
0000011100000010001001110000
0000011100001110110001110000
0000011101001010100001110000
0000011100011010100001110000
0000011000011010010001110000
0000011000110010011001110000
0000111001100010101101110000
0000111010000110100101111000
0000111110000110000110111000
0000111000000110000100110000
0000111000000010000001110000
0000111100000010000001111000
0000111111100110011111111000
0000111111110110011111111000
0000111100000000000001111000
0000011000000000000000111000
