0000000000011111100000000000
0000000000110000011000000000
0000000001100111001000000000
0000000000100111110100000000
0000000001111111110100000000
0000000011111111111110000000
0000000011111111111110000000
0000000011111111111110000000
0000000111111111111110000000
0000000111111111111111000000
0000000111111111111111000000
0000000111111111111111000000
0000000111111111111111000000
0000000111111111111111000000
0000000111111111111111000000
0000000111111111111111000000
0000001111111111111111000000
0000001111111111111111100000
0000001111111111111111100000
0000001111111111111111100000
0000001111111111111111100000
0000001111111111111111100000
0000001111111111111111100000
0000000111111111111111100000
0000000001111111111100000000
0000000000000100000000000000
0000000000000000000000000000
0000000000000000000000000000
