0000000000011111100000000000
0000000001101111110000000000
0000000011010011111000000000
0000000110011111101100000000
0000001111111111101110000000
0000011111111111111111000000
0000011111111111111111000000
0000011111111111111111100000
0000111111111111111111100000
0000111111111111111111100000
0000111111111111111111100000
0000111111111111111111100000
0000111111111111111111100000
0001111111111111111111110000
0001111111111111111111110000
0001111111111111111111110000
0001111111111111111111110000
0001111111111111111111110000
0001111111111111111111110000
0001111111111111111111110000
0001111111111111111111110000
0001111011111111111111111000
0001111011111111111111111000
0001111011111111111101111000
0001111011111111111101111000
0001110011111111111101111000
0011111011111111111101111000
0000000011111111111100000000
