0000000000000000010000000000
0000000000000000110000000000
0000000010000000110000000000
0000000000001111100000000000
0000001101101111110011000000
0000011111000110111011100000
0000111111000000111111110000
0000111111000000111111110000
0000111101101111111111110000
0000111101111111111111110000
0000111110111111111111110000
0000111111111111111111110000
0000111111111111111111110000
0000111111111111111111110000
0000111111111111111111110000
0000111111111111111111110000
0000111111111111111111110000
0001111111111111111111110000
0001111111111111111111110000
0001111111111111111111110000
0001111111111111111111111000
0001111111111111111111111000
0001111111111111111111111000
0001111111111111111111111000
0001111111111111111111111000
0001111111111111111111111000
0001111100000000000001111000
0000111000000000000001111000
