0000000000000111100000000000
0000000000001111100000000000
0000000000001111100000000000
0000000000011111100000000000
0000000011111111111110000000
0000001111111111111111000000
0000001111111111111111100000
0000001111111111100111100000
0000001111111111110111100000
0000011111111111111111100000
0000011111111111111111100000
0000011111111111111111100000
0000011111111111111111100000
0000011111111111111111100000
0000011111111111111111100000
0000011111111111111111110000
0000011111111111111101110000
0000011101111111111101110000
0000011101111111111101110000
0000011101111111111101110000
0000011101111111111101110000
0000011101111111111101110000
0000011101111111111100110000
0000011001111111111100110000
0000011001111111111100110000
0000011001111111111100110000
0000111001111111111100111000
0000010000000000000000010000
