0000000000000000000000000000
0000000000000000000000000000
0000000000000000000001011000
0000000000000000000011111000
0000000000000000000111001000
0000000000000000111110001100
0000000000000011111000001100
0000000000000111000000001110
0000000000000100000000001110
0000000000001100000000011111
0000000000001100000000011111
0000000000001100000000011111
0000000000011100000000111110
0000000000111011110001111110
0000000000110000110111111110
0000000001100000001011000110
0000000001111100001110001100
0000000001001111011100001100
0000000011100001011000001100
0000001111110000110000001100
0000011100111101110000001100
0000111110000111100000001100
0000110011000111000000001100
0000110001011111000000001100
1111111110111100000000001100
0111111111111000000000000000
0000000000000000000000000000
0000000000000000000000000000
