0000000000000000000000000000
0000000000000000000000000000
0000000000000000000000000000
0000000000000000000000000000
0000000000000000000000000000
0000000000000000000000000000
0000000000000000000000000000
0000000000000000000000000000
0000000000000000000000000000
0000000000000001100000000000
0000000000000011111000000000
0000000001111111111111111100
0000000111111001111111111100
0000001110000000111111111100
0000011000000000000111011000
0000011000000000000111000000
0001011000000000000111000000
1111011111000001111111111100
0111111111111111111111111111
0000111111111111110001111111
0000000000000000000000000000
0000000000000000000000000000
0000000000000000000000000000
0000000000000000000000000000
0000000000000000000000000000
0000000000000000000000000000
0000000000000000000000000000
0000000000000000000000000000
