0000000000000000000000000000
0000000000000000000000000010
0000000000000000000001111110
0000000000000000011111111110
0000000000000011111111100010
0000000000000111100000000010
0000000000001100000000000001
0000000000001100000000000001
0000000000001100000000000001
0000000000000110000000000001
0000000000000110000000000011
0000000000000011000000001110
0000000000000001100000111110
0000000000000001110011111110
0000000000000000110111111110
0000000000000000011111111110
0000000000000000111001111110
0000000000000001110011111110
0000011000000001100001111110
0001111100000011000001111110
0000111100000111000001111110
0100111110001110000001111110
0101011110111110000001111110
0111111111111100000001111110
0111111111111100000001111100
0111111111111000000001111100
0001111111111000000001111100
0000000111110000000001111100
