0000000000000000000000000000
0000000000000000000000000000
0000000000000000000000000000
0000000000000000000000000000
0000000000000000000000000000
0000000000000000000000000000
0000000000000000000000000000
0000000000000000000000000000
0000000000000000100000000000
0000000000000001100000000000
0000000000000011111000000010
0000000000001111111100011110
0000000000011111111111111100
0000000001111111111111110000
0000001111100011111111000000
0000011110000000111110000000
0000010000000000011110111100
1111111111111111111111111111
1111111111111111111111111111
0111111111111111111111111111
0000001111111111111111111110
0000000000000000000000000000
0000000000000000000000000000
0000000000000000000000000000
0000000000000000000000000000
0000000000000000000000000000
0000000000000000000000000000
0000000000000000000000000000
