0000000000000000000000000000
0000000000000000000000100000
0000000000000000000001110000
0000000000000000000011111100
0000000000000000001111111100
0000000000000001111111111100
0000000000000111110001111110
0000000000011110000001111110
0000000000111000000001111110
0000000000000000000001111111
0000000000000000000001111110
0000000000000000000001111110
0000000000000000000001111110
0000000000000000000001111110
0000000000000000000111111110
0000000000000000001111001100
0000000000000000011110001100
0000000000000000111000001100
0000000000000000111000001100
0000000110000001110000001100
0000011111111011100000001100
0000111111111111100000001100
0001111111111111000000001100
0001111111111111000000001100
1111111111111110000000001100
0111111111111100000000001100
0000000111110000000000001100
0000000000000000000000000000
