0000000000000000000000000000
0000000000000000000000000000
0000000000000000000000000000
0000000000000000000000000110
0000000000000000000000011110
0000000000000000000011111110
0000000000000000011111101111
0000000000000001111000001110
0000000000000011100000011110
0000000000001110000000011110
0000000000001000000000011111
0000000000011000000000111111
0000000000001000000000111111
0000000000001100000000111111
0000000000011100000001111111
0000000000011100000001111110
0000000000011110000011111110
0000000000011110001111111100
0000000000011110111100001100
0000001100011111110000001100
0000111100001111100000001000
0000110110001111000000001000
1111000010001110000000001000
1111111110011100000000001000
0001111111111000000000011000
0000000011100000000000001000
0000000000000000000000000000
0000000000000000000000000000
