0000000000000000000000000000
0000000000000000000000000000
0000000000000000000000000000
0000000000000000000000000000
0000000000000000000000000000
0000000000000000000000000000
0000000000000000000000000000
0000000000000000000000000000
0000000000000001100000000000
0000000000000001111000000000
0000000000000011111111111100
0000000000000011111111111100
0000000000011110111111111100
0000000000111000001111111100
0000000111111100001111110000
0000011111111110001111100000
0000011111111110001111100000
0000111111111110011111100000
0111111111111111111111111111
0111111111111111111111111111
0000000000000000000000000000
0000000000000000000000000000
0000000000000000000000000000
0000000000000000000000000000
0000000000000000000000000000
0000000000000000000000000000
0000000000000000000000000000
0000000000000000000000000000
