0000000000000000000000000000
0000000000000000000000000000
0000000000000000000000000000
0000000000000000000000000000
0000000000000000000000000000
0000000000000000000000110000
0000000000000000111111111000
0000000000000011111111110000
0000000000000011111111110000
0000000000000001110011110000
0000000000000000000011100011
0000000000000000000111111111
0000000000000000000111111111
0000000000000000000111111111
0000000001000000011100111110
0000001111110000111001111110
0000111111111000110001111110
0001111111111101100001111110
1111111011111111000001111110
1111111111111111000001111110
0111111111111110000001111110
0111111111111100000001111110
0111111111111100000001111110
0001111111111000000000111110
0000000011100000000000000000
0000000000000000000000000000
0000000000000000000000000000
0000000000000000000000000000
