0000000000000000000000000000
0000000000000000000000000000
0000000000000000000000000000
0000000000000000000000000000
0000000000000000000000000000
0000000000000000000000000000
0000000000000000000000000000
0000000000000000000011111110
0000000000000000001111111110
0000000000000000011011000000
0000000000000000111000000000
0000000000000000100000000000
0000000000000001111000000000
0000000000000011111100000000
0000000000001110001111000111
0000000000111000000111111111
0000001111111100000001110000
0000001100001100000001100000
0000000100001110000011000000
1111101110000110000011000000
1111111111111111111111111111
0000011111111111111111111111
0000000000000000000000000000
0000000000000000000000000000
0000000000000000000000000000
0000000000000000000000000000
0000000000000000000000000000
0000000000000000000000000000
