0000000000000000000000000000
0000000000000000000000000000
0000000000000000000000000000
0000000000000000000000000000
0000000000000000000000000000
0000000000000000000000000000
0000000000000000000000000000
0000000000000000000000000000
0000000000000010000000000000
0000000000000111111000001100
0000000000000111011111111100
0000000000000011110111111100
0000000001100000011111100000
0000000011110000001111000000
0000011111110000001110000000
0000111101111000011111111000
0000010111111111111111111111
1111111111111111111111111111
1111111111111111111111111110
0001111111110000000000000000
0000000000000000000000000000
0000000000000000000000000000
0000000000000000000000000000
0000000000000000000000000000
0000000000000000000000000000
0000000000000000000000000000
0000000000000000000000000000
0000000000000000000000000000
