0000000000000000000000000000
0000000000000000000000000000
0000000000000000000000000000
0000000000000000000000000000
0000000000000000000000000000
0000000000000000000000000000
0000000000000000000000000000
0000000000000000000000000000
0000000000000001100000000000
0000000000000011100000000000
0000000000000001111000001110
0000000000000000111111111110
0000000000000000011111111110
0000000011110000011111111000
0000001111111000001111100000
0000011110111000001111100000
0000001110111100001111000000
0000011111011100001111000000
0110110111101111111111111111
1111111111111111111111111111
0000000001010000000001111111
0000000000000000000000000000
0000000000000000000000000000
0000000000000000000000000000
0000000000000000000000000000
0000000000000000000000000000
0000000000000000000000000000
0000000000000000000000000000
