0000000000000000000000000000
0000000000000000000000000000
0000000000000000000000000000
0000000000000000000000000000
0000000000000000000000000000
0000000000000000000000001100
0000000000000000000000111100
0000000000000000000011111100
0000000000011100000111111000
0000000000011110011111110000
0000000000111111111111000000
0000000000111111111100001111
0000000000111111111110111111
0000000000011111111111111111
0000000000000111111111111111
0000000000000001111100111111
0000001000000000111000111110
0000011100000001110000111110
0000110110000011100000111110
0000011110000111000000111110
0100011110001110000000111110
0111111111111100000000111111
0000111111110000000000111110
0000000000000000000000000000
0000000000000000000000000000
0000000000000000000000000000
0000000000000000000000000000
0000000000000000000000000000
