0000000000000000000000000000
0000000000000000000000000000
0000000000000000000000000000
0000000000000000000000000000
0000000000000000000000000000
0000000000000000000000000000
0000000000000000000000000000
0000000000000000000000000000
0000000000000000000000000000
0000000000000011010000000000
0000000000000111110000000000
0000000000111111111100001100
0000000000111111111111111110
0000000001111111111111111100
0000000111111111111111111000
0011111111111111111111100000
0111111111111111111111100000
0111111111111100000000000000
0111000000000000000000000000
0001111111111111111111111111
0000000000000000000000000000
0000000000000000000000000000
0000000000000000000000000000
0000000000000000000000000000
0000000000000000000000000000
0000000000000000000000000000
0000000000000000000000000000
0000000000000000000000000000
