0000000000000000000000000000
0000000000000000000000000000
0000000000000000000000000000
0000000000000000000000000000
0000000000000000000000000000
0000000000000000000000000000
0000000000000000000000000000
0000000000000000000000000000
0000000000000000000000000000
0000000000000110000000000000
0000000000000111100000000000
0000000000001111111111100010
0000000000011000011111111110
0000000000110000000001111111
0000001110110000000000000111
0000111111100000000000000111
0000111101111000000000000111
0111111111001110000000001111
1111111111111111111111111110
0000111111111000001111111110
0000000000000000000000000000
0000000000000000000000000000
0000000000000000000000000000
0000000000000000000000000000
0000000000000000000000000000
0000000000000000000000000000
0000000000000000000000000000
0000000000000000000000000000
