0000000000000000000000000000
0000000000000000000000000000
0000000000000000000000001100
0000000000000000000000011100
0000000000011000000000111100
0000000000001111000001111000
0000000000000111111001110000
0000000000000000111111100000
0000000000000000000111100000
0000000000000000000111100011
0000000000000000000111001111
0000000000000000000111111111
0000000000000000000111111111
0000000011111100000111111111
0000000110111111001110111111
0000001111111111111100111111
0000111111111111110000111110
0001100111111111110000111110
0001000100011111100000111110
0000000110000111000001111110
0011011111111110000001111110
1111111111111110000001111110
1111111111111100000001111110
1111111111111100000001111110
0111111111111100000001111110
0011111111111000000001111110
0000000011110000000000000000
0000000000000000000000000000
