0000000000000000000000000000
0000000000000000000000000000
0000000000000000000000000000
0000000000000000000000000000
0000000000000000000000000000
0000000000000000000000000000
0000000000000000000000000000
0000000000000000000000000000
0000000000000011000000000000
0000000000000101100000000000
0000000000011000110000000000
0000000011111101110000000000
0000000110000001111100000000
0000001000000000111111111111
0000011000000001111111111111
1111010000011111111110111111
1111111111111111111111011111
0111111111111111111111111110
0001111111111111111111111100
0000000011111111111100000000
0000000000000000000000000000
0000000000000000000000000000
0000000000000000000000000000
0000000000000000000000000000
0000000000000000000000000000
0000000000000000000000000000
0000000000000000000000000000
0000000000000000000000000000
