0000000000000000000000000000
0000000000000000000000000000
0000000000000000000000000000
0000000000000000000000000000
0000000000000000000000000000
0000000000000000000000000000
0000000000000000000000000000
0000000000000000000000001100
0000000000000111000000111100
0000000000001111111101111000
0000000000011111111111100000
0000000000011000001111000000
0000000000011000000111110000
0000001110011000001110110000
0000001111011000001110011111
0000011111101100001111111110
0000010111100111111001111110
0111111111111111101111111110
0111111111111101111111111110
0111011011001111111111111110
0111111111111111111011000000
0000000100000000000000000000
0000000000000000000000000000
0000000000000000000000000000
0000000000000000000000000000
0000000000000000000000000000
0000000000000000000000000000
0000000000000000000000000000
