0000000000000000000000000000
0000000000000000000000000000
0000000000000000000000000000
0000000000000000000000000000
0000000000000000000000000000
0000000000000000000000000000
0000000000000000000000000000
0000000000000000000000000000
0000000000000000000000000000
0000000000000001010111111110
0000000000001111100110111110
0000000001111100000110001110
0000000111110110000110000000
0000011000011010000010000000
0000010000001110000110000000
0000010000000111000000000000
1110010000000001000011000000
1111111111111111111111111111
0001111111111111111111111111
0000000000000000000000000000
0000000000000000000000000000
0000000000000000000000000000
0000000000000000000000000000
0000000000000000000000000000
0000000000000000000000000000
0000000000000000000000000000
0000000000000000000000000000
0000000000000000000000000000
