0000000000000000000000000000
0000000000000000000000010000
0000000000000000000000011000
0000000000000000000001111000
0000000000000000000011111000
0000000000000000000111110000
0000000000000000000111110000
0000000000000000001111100000
0000000000000000011111000111
0000000000000000111100011111
0000000000000001111001111110
0000000000011111111111111110
0000000001111111111111111110
0000000001111111111110111110
0000000011111111111100111110
0000000111011111111000111110
0000001111000000110000111110
0000011111100001100000111110
0001111111100011100000111110
1111111111111111000000111110
0111111111111111000000111110
0111111111111111000000111110
0111111111111110000000111110
0111111111111110000000111110
0001111111111110000000111110
0000001111111100000000111110
0000000000000000000000000000
0000000000000000000000000000
