0000000000000000000000000000
0000000000000000000000000000
0000000000000000000000000000
0000000000000000000000000000
0000000000000000000000000000
0000000000000000000000001000
0000000000000000000000111100
0000000000001111100011111100
0000000000001111100111110000
0000000000001111111111100000
0000000000001111111110000000
0000000000000111111000000000
0000000000000111111100011111
0000000000000011111111111111
0000000000000001111111111111
0000000000000000111110111111
0000000111000000111100111110
0000011111100001110000111110
0000011111100011100000111110
0000111111110111000000111110
1110111111111110000000111110
1111111111111100000000111110
0000000111100000000000111110
0000000000000000000000000000
0000000000000000000000000000
0000000000000000000000000000
0000000000000000000000000000
0000000000000000000000000000
