0000000000000000000000000000
0000000000000011111111000000
0000000000000111111111111000
0000000000000111111111111000
0000000000001111111111111100
0000000000001111111111111110
0000000000001111111111111110
0000000000011111111111111110
0000000000011111111111111110
0000000000011111111111111110
0000000000111111111111001110
0000000000111111111111000110
0000000000111111111110000110
0000000000111111111110000000
0000000000111111111110000010
0000000001111111111110011110
0000000001111111111110111110
0000000011111111111111111110
0000000011111111111110111110
0000000011111111111100111110
0000000111111111111000111110
0000001111111111110000111110
0000111111111111100000111110
0001111111111111100000111110
0001111111111111000000111110
0101111111111110000000111110
0111111111111100000000111110
0000000111110000000000100000
