0000000000000000000000000000
0000000000000000000000000000
0000000000000000000000000000
0000000000000000000000110000
0000000000000000000001110000
0000000000000000000011100000
0000000000000000000111100000
0000000000000001111111000000
0000000000011111111110000000
0000000000011100001010000000
0000000000000000001101000011
0000000000000000000101011111
0000000000000000000101111110
0000000000000000000111111110
0000000000000000001111111100
0000000000000000011110011100
0000000000000000111000011000
0000000000000000111000011000
0000000110000001110000011000
0000111111000011100000011000
0000111111000011100000011000
1110111001111111000000010000
1111111111111110000000010000
0111101111111110000000010000
0001111111111100000000010000
0000011111111000000000010000
0000000000000000000000000000
0000000000000000000000000000
