0000000000000000000000000000
0000000000000000000000100000
0000000000000000000011110000
0000000000000000011110111000
0000000000000111111001011000
0000000000001100011111111000
0000000000000011111110111100
0000000000001111000000111101
0000000000011000000000111110
0000000000100000000001111110
0000000000100000000001110110
0000000000100000000001100111
0000000000110000000011101111
0000000000110000000010011010
0000000000110000000101111100
0000000000111000000011001100
0000000000111000001110000100
0000000000111100011100001100
0000000100011100011000001100
0000011111100110110000001100
0000011101110010100000001100
0000100110011001100000001100
0000100010001101000000001100
0000110011111011000000001100
1011111101111010000000001000
1111110000111110000000001100
0111111111111000000000001100
0000000000000000000000000000
