0000000000000000000000000000
0000000000000110000000000000
0000000000000010000000000000
0000000000000011000011110000
0000000000001111101111100000
0000000000000110111100000000
0000000000000011100000000000
0000000000000111000000000000
0000000000011101100000000000
0000000000000101100000000000
0000000000000111110000000000
0000000000111111011000000000
0000000000001101011100000000
0000000000001101110110000011
0000000000111111100011101110
0000000000111110110000111110
0000000000011011011011111100
0000000000011111111111111100
0000000001111101101110001100
0000000000110111111100001100
0000000001011111111000001100
0000000111111111110000001000
0000111110101101100000001000
0001111110111111000000001100
0001101011011111000000001100
1111111011011110000000001000
0111111111111110000000001000
0000111111111000000000001100
