0000000000000000000000000000
0000000000000000000000000000
0000000000000000000000000000
0000000000000000000000000000
0000000000000000000000000000
0000000000000000000000000000
0000000000000000000000000000
0000000000000001111111111110
0000000000000001111111111110
0000000000000000000000000110
0000000000000000000000000110
0000000000000000000000000111
0000000000000000000000001111
0000000000000000000000011111
0000000000000000000000011111
0000000000000000000000111111
0000000000000000000000111111
0000011110000000001111111111
0000011110000000111110111111
1100011110000011110000111111
1111111111011111000000111111
0001111111111100000000111111
0000000000000000000000000000
0000000000000000000000000000
0000000000000000000000000000
0000000000000000000000000000
0000000000000000000000000000
0000000000000000000000000000
