0000000000000000000000000000
0000000000000000000000000000
0000000000000000000000000000
0000000000000000000000000000
0000000000000000000000000000
0000000000000000000000000000
0000000000000000000000000000
0000000000000000000000000000
0000000000001100000000000000
0000000000001111111100000000
0000000000111001101111111100
0000001111110110110111111100
0001111111111111111101111100
1100111110010111111111111000
1110001011101111111111110000
1111110111011000001111111110
1111111111111111111111111110
0111111111111111111111111111
0000111111111111111111111111
0000000000101000000111000000
0000000000000000000000000000
0000000000000000000000000000
0000000000000000000000000000
0000000000000000000000000000
0000000000000000000000000000
0000000000000000000000000000
0000000000000000000000000000
0000000000000000000000000000
