0000000000000000000000000000
0000000000000000000000000000
0000000000000000000000000000
0000000000000000000000000000
0000000000000000000000000000
0000000000000000000000000000
0000000000000000000010000000
0000000000000000001111110000
0000000000000000011111111000
0000000000000000011111111000
0000000000000000111111111000
0000000000000000111111111000
0000000000000001111101111000
0000000000000001111111111100
0000000000000011111111111100
0000000000001111111111111100
0000000001111111111111111110
0000011111111111111111111110
0110111111111111111111111110
1111111111111111111111111110
0111111111111111111111111111
0011111111111111111111111111
0000000110000000011110001000
0000000000000000000010000000
0000000000000000000000000000
0000000000000000000000000000
0000000000000000000000000000
0000000000000000000000000000
