0000000000000000000000000000
0000000000000000000000000000
0000000000000000000000000000
0000000000000000000000000000
0000000000000000000000000000
0000000000000000000000000000
0000000000000000000000000000
0000000000000000000000000000
0000000000000011000000000000
0000000000000100000000000000
0000000000001001100000000000
0000000000100111110000000000
0000000000101111111000000000
0000000011111111111100000000
0000000111111111111101111111
0000011000011111111111111111
0000011000001111111111111110
1111111100011111111111111100
0111111111111111111111111100
0000011111111111111111111100
0000000000000000000000000000
0000000000000000000000000000
0000000000000000000000000000
0000000000000000000000000000
0000000000000000000000000000
0000000000000000000000000000
0000000000000000000000000000
0000000000000000000000000000
