0000000000000000000000000000
0000000000000000000000000000
0000000000000000000000000000
0000000000000000000000000000
0000000000000000000000000000
0000000000000000000000000000
0000000000000000000000000000
0000000000000000000000000000
0000000000000000000000000000
0000000000000110000000011000
0000000000001111001111111100
0000000000001111111111111000
0000011100001111111110000000
0000011100000111110000000000
0000101110000011110000000000
0000111110000011111111111111
0110111111011111111111111111
1111111111111111100000001110
0001101101110011111111111110
0000000000000000000000000000
0000000000000000000000000000
0000000000000000000000000000
0000000000000000000000000000
0000000000000000000000000000
0000000000000000000000000000
0000000000000000000000000000
0000000000000000000000000000
0000000000000000000000000000
