0000000000000000000000000000
0000000000000000000000000000
0000000000000000000000000000
0000000000000000000000000000
0000000000000000000000000000
0000000000000000000000011100
0000000000000001111110111100
0000000000000001111111111100
0000000000000011111111111000
0000000000000110000111110000
0000000000001100000011110000
0000000000011110000011110111
0000000000011110000011111111
0000000011111110001111111110
0000000111111110011111111110
0000011111111111111111111110
1111110101111111111111111110
1111111111111111111111111110
0111111111111111111111111100
0000111111111111111111111100
0000000001010100001010110000
0000000000000000000000000000
0000000000000000000000000000
0000000000000000000000000000
0000000000000000000000000000
0000000000000000000000000000
0000000000000000000000000000
0000000000000000000000000000
