0000000000000000000000000000
0000000000000000000000000000
0000000000000000000000000000
0000000000000000000000000000
0000000000000000000000010000
0000000000000000000000111000
0000000000000011100001110000
0000000000000011110111100000
0000000000000111011111000000
0000000000000111111111100000
0000000000000001111111000000
0000000000000000001000001111
0000000000000000000001111110
0000000001100000001111111110
0000000100110000011111111110
0000011000011000111111111110
0000000100011101111111111110
0000000111111111111101111110
1111001110111011111001111110
0111111111100111110001111100
0111111111111111000001111100
0111111111111110000001111100
0001111111111100000001111100
0000000111111000000001111100
0000000000000000000000000000
0000000000000000000000000000
0000000000000000000000000000
0000000000000000000000000000
