0000000000000000000000000000
0000000000000000000000000000
0000000000000000000000000000
0000000000000000000000000000
0000000000000000000000000000
0000000000000000000000000000
0000000000000000000000000000
0000000000000000000000111000
0000000000000011111011111100
0000000000000001111111111100
0000000000000000001111110000
0000000000000000001111000000
0000000000000000001111000000
0000000000000000001111000011
0000000000000000001111111111
0000000000000000001111111110
0000000010000000011111111100
0000011111000000111000111000
0000011111000001100000111000
1100011111000111000000110000
1111111111101110000000110000
0000111111111000000000110000
0000000000000000000000000000
0000000000000000000000000000
0000000000000000000000000000
0000000000000000000000000000
0000000000000000000000000000
0000000000000000000000000000
