0000000000000000000000000000
0000000000000001000000000000
0000000000000001000000000000
0000000000000001110000000000
0000000000000001110001111110
0000000000000011111111111110
0000000000001001111111001110
0000000000010011110000001110
0000000000100010111000001110
0000000000100010111111111110
0000000000010011111111111110
0000000000010011100111111111
0000000000010111000001111111
0000000000011001000000111111
0000000000011011111000011111
0000000000011111111111111111
0000000000011100110011111110
0000000000011110011001111110
0000000000111110011111111110
0000000001100111011111111110
0000000011000111111111111110
0000000110000011100111111110
0000111110000011101111111110
0000111111000011001111111110
0001111111001110001111111100
1111111111111100001111111100
0000000111100000000001111100
0000000000000000000000000000
