0000000000000000000000000000
0000000000000000000000000000
0000000000000000000000000000
0000000000000000000000000000
0000000000000000000000000000
0000000000000000000000000000
0000000000000000000000001100
0000000000000000000000001100
0000000000000000000000111110
0000000000011111111110111110
0000000000000011111111111111
0000000000000000000000111111
0000000000000000000001111111
0000000000000000000011111111
0000000000000000000001111111
0000000000000000000011111111
0000001100000000001111111111
0000111111100000111000111111
0001110001111101100001111111
0001111111111111000001111111
1111111111111110000001111010
1111111111111100000001111111
0000000011110000000000111110
0000000000000000000000000000
0000000000000000000000000000
0000000000000000000000000000
0000000000000000000000000000
0000000000000000000000000000
