0000000000000000000000000000
0000000000000000000000000000
0000000000000000000000000000
0000000000000000000000000000
0000000000000000000000000000
0000000000000000000000110000
0000000000000000000001110000
0000000000000000000011000000
0000000000000110000110000000
0000000000000111111110000000
0000000000000001111111000000
0000000000000000011111000000
0000000000000000001100000000
0000000000000000011100000111
0000000000000000011000111111
0000000000000000011111111111
0000000000000000011111011111
0000000000000000011100011111
0000000000000000110000011111
0000011110000001100000011111
0000011110000011000000011111
0111111110000111000000011111
1111111111111110000000011111
0000011111111000000000011110
0000000000000000000000000000
0000000000000000000000000000
0000000000000000000000000000
0000000000000000000000000000
