0000000000000000000000000000
0000000000000001111111000000
0000000000001111111111111100
0000000000001111111111111000
0000000000001111111111111000
0000000000001111111111111000
0000000000001111111111111000
0000000000001111111111111100
0000000000001111111111111100
0000000000011111111111111000
0000000000011111111111110000
0000000000011111111111100000
0000000000011111111111100000
0000000000011111111111000000
0000000000111111111111000110
0000000000111111111111011110
0000000000111111111111111110
0000000001111111111111111110
0000000001111111111111011110
0000000011111111111110011110
0000000111111111111100011110
0000001111111111111000011110
0000111111111111110000011110
0000111111111111100000011110
0000111111111111100000011110
0111111111111111000000011100
0111111111111110000000011110
0000001111111100000000011100
