0000000000000000000000000000
0000000000000000000000000000
0000000000000000000000000000
0000000000000000000000000000
0000000000000000000000000000
0000000000000000000000000000
0000000000000111100000001100
0000000000000111111000111100
0000000000000111111111111100
0000000000000011111111110000
0000000000000000111111100000
0000000000000000001111000000
0000000000000000001110000111
0000000000000000001111111111
0000000011000000001111111111
0000000111110000001100111111
0000011111111000111101111111
0000111111111111110001111111
0001111111111110100001111110
1101111111111110000001111110
0111111111111100000001111110
0001111111110000000001111110
0000000000000000000000100010
0000000000000000000000000000
0000000000000000000000000000
0000000000000000000000000000
0000000000000000000000000000
0000000000000000000000000000
