0000000000000000000000000000
0000000000000000000000000000
0000000000000000000000000000
0000000000000000010000000000
0000000000000111111111110000
0000000000000000000111110000
0000000000000000001100110000
0000000000000001111000110000
0000000000001111100001100000
0000000000111100000001100000
0000000000110000000001000110
0000000000110000000011011110
0000000001111000000011111110
0000000001101100000011111110
0000000011110100001111111110
0000000000000110011111111110
0000000000001110111111111110
0000000000111111111111111110
0001000111111111111111111110
0001111111111111111111111110
1111111111111111111111111110
1111111111111111111111111100
1111111111111111111111111100
0111111111111111111111111100
0001111111111111111111111100
0000000111111110000000000000
0000000000000000000000000000
0000000000000000000000000000
