0000000000000000000000000000
0000000000000000000000000000
0000000000000000000000000000
0000000000000000000111001100
0000000000000000111111111100
0000000000000000011100000100
0000000000000000000000011100
0000000000000000000000111000
0000000000000000000001110000
0000000000000000000001100000
0000000000000000000011100011
0000000000000000000011111111
0000000000000000000010111111
0000000000000000000111111111
0000000000000000000111111111
0000000000000000001111111111
0000011100000000011110111111
0000111111000000111100111111
0000111111100001111000111111
0000111010110011110000111111
0000011001110111100000111111
0000001111111111000000111111
0101111111111111000000111110
1111111111111110000000111111
0000111111011000000000111110
0000000000000000000000000000
0000000000000000000000000000
0000000000000000000000000000
