0000000000000000000000000000
0000000000000000000000000000
0000000000000000111000010000
0000000000000001111111111100
0000000000000011111111111100
0000000000000010111111111100
0000000000000000000000111100
0000000000000000000000011100
0000000000000000000000011110
0000000000000000000000011110
0000000000000000000000111111
0000000000000000000000111111
0000000000000000000000111111
0000000000000000000000111111
0000000000000000000000111111
0000000000000000000000111111
0000000000000000000011111111
0000000000000000001111111111
0000000000000000011100111111
0000011000000000111000111111
0000111100000000110000111111
0001111110000001100000111111
0001111110000011000000111111
0000111111100011000000111110
0000111111110110000000111110
1111111111111100000000100010
0011111111111000000000111111
0000000000000000000000000000
