0000000000000000000000000000
0000000000000000000001100000
0000000000000011111111110000
0000000000000011111111110000
0000000000000011111111111000
0000000000000011111111111000
0000000000000001111111111000
0000000000000001111111111000
0000000000000001111111111000
0000000000000011111111111000
0000000000000111111101111000
0000000000000111100001110000
0000000000001100000011110000
0000000000011000000011100010
0000000000111000000111101110
0000000000111100000111111000
0000000001111111000111100000
0000000011001111100110000000
0000000011000111111100000000
0000000111110011110000000000
0000111111111001100000000000
0000111001111101000000000000
0000011100111111000000000000
1111111100111110000000000000
0000111111111100000000000000
0000000000000000000000000000
0000000000000000001111111100
0000000011110000000000101000
