0000000000000000000000000000
0000000000000000000000000000
0000000000000000000000010000
0000000000000000000000111000
0000000000000000000001111100
0000000000100001111111111110
0000000000111111111111111110
0000000000111111111111111110
0000000000100000000001111111
0000000000100000000001111111
0000000000100000000001111110
0000000000100000000001111110
0000000000100000000011111110
0000000000000000001111111110
0000000001000000011100111110
0000000010000000011000111110
0000000100000000110000111110
0000011111000001110000111110
0001111111111011100000111100
0001111111111111000000111100
1111111111111111000000111100
0111111111111111000000111100
0111111111111110000000111100
0111111111111110000000111100
0011111111111100000000111100
0000111111111000000000111100
0000000011110000000000011100
0000000000000000000000000000
