0000000000000000000000000000
0000000000000000000000000000
0000000000000100011111111000
0000000000000111111111111100
0000000000000001111111111100
0000000000000000000000011100
0000000000000000000000111000
0000000000000000000001110000
0000000000000000000011100000
0000000000000000000111000000
0000000000000000011110000000
0000000000011111111110000000
0000000000011111111110000111
0000000000111111111110011110
0000000000111110001111111110
0000000000111000000111111110
0000000000110000001111001110
0000000001100000001110001110
0000000001000000011100001100
0000000011000000111000001100
0000000110000000110000001100
0000011110000001100000001100
0000011111100011100000001100
0000011111110011000000001100
1111111111111110000000001100
0111111111111110000000001100
0000000011111000000000001100
0000000000000000000000000000
