0000000000000000000000000000
0000000000000000000000000000
0000000000000000000000000000
0000000000000000000000000000
0000000000000000000000000000
0000000000000000000000000000
0000000000000000000000000000
0000000000000000000000000000
0000000000000000000000000000
0000000000000001100000001100
0000000000000011011111111100
0000000000000001111111111100
0000000000000000111011111100
0000000110000000011111110000
0000011111100000001111100000
0000111111000000011111100000
0000110001111000011111100000
0000111111111111111111111111
1111111111111111111111111111
0000011111111110001111111110
0000000000000000000000000000
0000000000000000000000000000
0000000000000000000000000000
0000000000000000000000000000
0000000000000000000000000000
0000000000000000000000000000
0000000000000000000000000000
0000000000000000000000000000
