0000000000000000000000000000
0000000000000000000000000000
0000000000000000000000000000
0000000000000000000000000000
0000000000000000000000011000
0000000000000000000000111000
0000000000000000001111111000
0000000000000011111111111100
0000000000000111111111111100
0000000000000111111111111110
0000000000000111100000011110
0000000000001110000000111110
0000000000011110000000111111
0000000000001111000000111111
0000000000001111100000111111
0000000000000111100000111110
0000000000000111110001111110
0000000000000011111111111110
0000001110000011111110111110
0000011111000001111000111110
0000011111000011100000111110
0000001111100111000000111110
1111111111111100000000111110
0000000111110000000000111110
0000000000000000000000000000
0000000000000000000000000000
0000000000000000000000000000
0000000000000000000000000000
