0000000000000000000000000000
0000000000000000000000000000
0000000000000000000000000000
0000000000000000000000000000
0000000000000000000000000000
0000000000000000000000000000
0000000000000000000000000000
0000000000000000000000000000
0000000000000000000000000000
0000000000000000000000000110
0000000000000000011111111110
0000000000000000011111111110
0000001000000000000000000110
0000111110000000000000000110
0000111111000000000000001111
0001111111000000000000011111
0001111111000000000000011111
1111111111011111111111111110
0111111111111111111111111110
0000000000000000000000000000
0000000000000000000000000000
0000000000000000000000000000
0000000000000000000000000000
0000000000000000000000000000
0000000000000000000000000000
0000000000000000000000000000
0000000000000000000000000000
0000000000000000000000000000
