0000000000000000000000000000
0000000000000000000000000000
0000000000000000000000000000
0000000000000000000000000000
0000000000000000000000000000
0000000000000000000000000000
0000000000000000000000000000
0000000000000000000000000000
0000000000011000000000000000
0000000011111111000001111000
0000000111000111111111111111
0000000110111111111111111111
0000001111111111111111111111
0011111111111111111111111110
1111111111111111111111111000
1111111111111111111111100000
1111111111111111111110000000
1111111111111111110000000000
0011111111111111000000000000
0000011111100000000000000000
0000000000000000000000000000
0000000000000000000000000000
0000000000000000000000000000
0000000000000000000000000000
0000000000000000000000000000
0000000000000000000000000000
0000000000000000000000000000
0000000000000000000000000000
