0000000000000000000000000000
0000000000000000000000000000
0000000000000000000000000000
0000000000000000000000001000
0000000000000000000000011100
0000000000000000000001111100
0000000000110000100011111110
0000000000111111110111111110
0000000000011111111111111111
0000000000000001111111111111
0000000000000000101111111111
0000000000000000001111111110
0000000000000000011111111110
0000000000000000001111001110
0000000000000000001110001110
0000000000000000011000001110
0000000000000000110000001110
0000011111000000100000001110
0001111111111001100000001110
0011111111111111000000001110
0011111111111111000000001110
1111111111111110000000001110
1111111111111110000000001100
0111111111111100000000001100
0011111111111000000000001100
0000000111110000000000001100
0000000000000000000000000000
0000000000000000000000000000
