0000000000000000000000000000
0000000000000000000000000000
0000000000000000000000000000
0000000000000000000000000000
0000000000000000000000000000
0000000000000000000000000000
0000000000000000000000110000
0000000000000000000001110000
0000000000000000000011100000
0000000000000111000111000000
0000000000000111111110000000
0000000000000000111110000000
0000000000000000001110001111
0000000001000000000111111111
0000000111110000011111111110
0000111111111001111000111110
0001111111111111100000111110
0101111111111111000000111100
1111111111111110000000011100
1111111111111100000000011100
0011111111111000000000011100
0000001111110000000000000000
0000000000000000000000000000
0000000000000000000000000000
0000000000000000000000000000
0000000000000000000000000000
0000000000000000000000000000
0000000000000000000000000000
