0000000000000000000000000000
0000000000000000000000010000
0000000000000111111111110000
0000000000000111111111011000
0000000000000000000000001000
0000000000000000000001001100
0000000000000000000000001110
0000000000000000000000011110
0000000000000000000000011110
0000000000000000000000011110
0000000000000000000000011110
0000000000000000000000111110
0000000000000000000011111110
0000000000000000001110111110
0000000000000000011100111110
0000000111100000110000111110
0000011111111001100000111110
0000111111111111000000111110
0011111111111111000000111100
0011111111111110000000111100
0111111110111110000000111100
1111111111111100000000111100
0111111111111100000000111100
0111111111111100000000011100
0111111111111000000000111100
0000011111110000000000111100
0000000000000000000000000000
0000000000000000000000000000
