0000000000000000000000000000
0000000000000000000001000000
0000000000000000000011100000
0000000000000000000111000000
0000000000000000000110000000
0000000000000000001100000000
0000000000011111111110000010
0000000000011111111110000111
0000000000000000001110011111
0000000000000000000110111110
0000000000000000000111111110
0000000000000000000111111110
0000000000000000001110111110
0000000000000000011100111110
0000000000000000011000111110
0000010000000000110000111110
0000111010000001100000111110
0000110111111001100000111110
0000110111111111000000111110
0000111110011011000000111110
1111111111111111000000111110
0111111111111110000000111110
0111111111111110000000111110
0111111111111100000000111110
0011111111111100000000111110
0001111111111100000000111110
0000000111110000000000000000
0000000000000000000000000000
