0000000000000000000000000000
0000000000000000000000000000
0000000000000000000000000000
0000000000000000000000000000
0000000000000000000000000000
0000000000000000000000000000
0000000000000000000000000000
0000000000000000000000000000
0000000000000001111100000010
0000000000000001111111011111
0000000000000000111111111111
0000000000000001111111000111
0000000000000111111111000110
0000000001111111111000000110
0000001111111111111111110010
0000111100011100111111111111
0000111000001100000000000111
1000111000000110010000000111
1111111111111111111111111110
0111111111111111111111111110
0000011111111111111111111100
0000000000000000000000000000
0000000000000000000000000000
0000000000000000000000000000
0000000000000000000000000000
0000000000000000000000000000
0000000000000000000000000000
0000000000000000000000000000
