0000000000000000000000000000
0000000000000000000000000000
0000000000000000000000000000
0000000000000000000000000000
0000000000000000000000000000
0000000000000000000000000000
0000000000000011111111111100
0000000000000000011111110000
0000000000000000000011000000
0000011000000000000011000000
0000111111000000000011000000
0001111111110000000010000000
0011111111110000000011111111
0011111111110001111111111110
1111111111111111111111111110
1111111111111111111111111110
0111111111111111111111111110
0111111111111111111111111110
0111111111111111111111111110
0111111111111111111111111110
0111111111111111111111111110
0011111111111111111111111110
0000111111111111111111111110
0000000001000000000000000000
0000000000000000000000000000
0000000000000000000000000000
0000000000000000000000000000
0000000000000000000000000000
