0000000000000000000000000000
0000000000000000000000000000
0000000000000000000000000000
0000000000000000000000000000
0000000000000000000000000000
0000000000000000000000000000
0000000000000000000000000000
0000000000000000000000000000
0000000000000000000000000000
0000000000000001000000000000
0000000000000011100000000000
0000000000000111111111111100
0000000000001101111111111100
0000000000111000111111110000
0000000111100000111110000000
0000011100000000011110000000
0000011100000000011110000000
0000011110000000011111111110
1111111111111111111111111111
0111111111111111111111111111
0000000000000000000000000000
0000000000000000000000000000
0000000000000000000000000000
0000000000000000000000000000
0000000000000000000000000000
0000000000000000000000000000
0000000000000000000000000000
0000000000000000000000000000
