0000000000000000000000000000
0000000000000000000000000000
0000000000000000000000000000
0000000000000000011111100000
0000000000000001111111110000
0000000000000001111000000000
0000000000000011111000000000
0000000000000111111000000000
0000000000001101101100000000
0000000000001111111100000000
0000000000011110111111100111
0000000000111111110001111110
0000000001111011111101110010
0000000001111111001111100110
0000000011110111101101111110
0000000111111100111001111110
0000001111111111110111111110
0000111111111011101111111110
0000110111111111011111111100
1100111111111110111101111100
1111111111111100111111111100
0011111111111000010111111100
0100000000000111111111111100
0111110001011010001001100100
0011111101010111111111111100
0000000011111100000000111100
0000000000000000000000000000
0000000000000000000000000000
