0000000000000000000000000000
0000000000000000000000000000
0000000000000000000000000000
0000000000000000000000000000
0000000000000000000000000000
0000000000000000000000000100
0000000000000000000000011110
0000000000000000000000111110
0000000000000000011111111111
0000000000000011111111111111
0000000000001111111111111111
0000000000011111111111111111
0000000000011111110011111110
0000000000111000000011110000
0000000001111000000011000110
0000000001111000001100111110
0000000101111000011011111100
0000111101111001100110111110
0000111111111101111111111110
0000011111111100000000000000
0111011111111111111111111110
0111111111111111100000111110
0000000000000000000000000000
0000000000000000000000000000
0000000000000000000000000000
0000000000000000000000000000
0000000000000000000000000000
0000000000000000000000000000
