0000000000000000000000000000
0000000000000000000000000000
0000000000000000000000100000
0000000000000000000001100000
0000000000000000000001100000
0000000000000011111111100000
0000000000001111101111000000
0000000000001111111111110000
0000000000001001111111110000
0000000000010000000111000000
0000000000110000000111011111
0000000001100000000111111111
0000000011000000000111111110
0000000011110000011111111110
0000000111011000111111111110
0000011111100111111111111110
0000111111110111111111111110
0011111111111111111111111110
0111111111111111111111111100
0111111111111111111111111100
0111111111111111111111111100
0111111111111111111111111100
0111111111111111111111111100
0011111111111111111111111100
0000111111111111000011111000
0000000111100000000000000000
0000000000000000000000000000
0000000000000000000000000000
