0000000000000000000000000000
0000000000000000000000000000
0000000000000000000000000000
0000000000000000000000000000
0000000000000000000000000000
0000000000000000000000000000
0000000000000000000000000000
0000000000000000000000000000
0000000000000000100000000000
0000000000000001111000000000
0000000000000000011100000000
0000000000000000111110011110
0000000011111011111111111110
0000000111111111100111111110
0000000111110000000011110000
0100001111000011111011100000
1111111111111111111111111111
1111111111111111111111111111
1111111111111111111111111111
0111111111111111111111111111
0001111111111111111111111111
0000001111111111111111111110
0000000000000000000000000000
0000000000000000000000000000
0000000000000000000000000000
0000000000000000000000000000
0000000000000000000000000000
0000000000000000000000000000
