0000000000000000000000000000
0000000000000000000000000000
0000000000000000000000000000
0000000000000000000000000000
0000000000000000000000000000
0000000000000000000000000000
0000000000000000000000000000
0000000000000000000000000000
0000000000000011000000000000
0000000000000111000000000000
0000000000111111100000000000
0000000011111111110000000000
0000000110011111110000000000
0000001100111111111000000000
0000011100110111111000000000
0000011100111111111100000000
1110011100001111111101111110
1111111111111111111111111111
0001111111111111100111111110
0000000000000000000000000000
0000000000000000000000000000
0000000000000000000000000000
0000000000000000000000000000
0000000000000000000000000000
0000000000000000000000000000
0000000000000000000000000000
0000000000000000000000000000
0000000000000000000000000000
