0000000000000000000000000000
0000000000000000000000000000
0000000000000000000000000000
0000000000000000000000000000
0000000000000000000000111100
0000000000000000000011110000
0000000000000000001111000000
0000000000000000111100000000
0000000000000011111100000000
0000000000000110001100000111
0000000000011100000100011111
0000000000010000000110111111
0000000000110000000111100110
0000000000100000000111111010
0000000001100000001111011010
0000000001100000011110001110
0000000011000000011100001100
0000000110000000111000001100
0000001101100001111000001100
0000011110011101110000001100
0000110011001111100000001100
0000110011100011100000001100
0000110011101111000000001100
1111111111111110000000001100
1111111111111000000000001100
0000000000000000000000000000
0000000000000000000000000000
0000000000000000000000000000
