0000000000000000000000000000
0000000000000000000000000000
0000000000000000000000000000
0000000000000000000000001100
0000000000000111111111111100
0000000000000111111111111100
0000000000000011111111011100
0000000000000111111111111100
0000000000001111111111111110
0000000000001110000000011110
0000000000000111100001111110
0000000000000011111101111111
0000000000000000111111111111
0000000000011000001111111111
0000000000111111111111111110
0000000001110111111111111110
0000000000110001111111111110
0000000000111001111111001110
0000000000011111111110001100
0000000000001111111000001100
0000000111011111110000001100
0000011111111111100000001100
0000111111111111000000001100
0001111111111110000000001100
0111111111111100000000001100
0000111111111000000000001100
0000000000000000000000000000
0000000000000000000000000000
