0000000000000000000000000000
0000000000000000000000000000
0000000000000000000000000000
0000000000000000000000000000
0000000000000000000000000000
0000000000000000000000000000
0000000000000111110000001100
0000000000001111111000111100
0000000000001111111001111000
0000000000011111111111110000
0000000000011111111111100000
0000000000111111111110000000
0000000000111111111100000000
0000000001111111111100000111
0000000001111111111100111111
0000000011111111111111111111
0000000011111111111111111111
0000001111111111111111111111
0000111111111111100111111111
0000111111111111000111111111
0000111111111110000111111111
1111111111111100000111111111
0000011111110000000111111110
0000000000000000000000000000
0000000000000000000000000000
0000000000000000000000000000
0000000000000000000000000000
0000000000000000000000000000
