0000000000000000000000000000
0000000000000000000000000000
0000000000000000000000000000
0000000000000000001011001000
0000000000000001111111111100
0000000000001111111111111100
0000000000001111111000111000
0000000000000000000001111000
0000000000000000000001110000
0000000000000000000001110000
0000000000000000000001100111
0000000000000000000011101111
0000000000000000000011111111
0000000000000000000011111110
0000000000000000000111111110
0000000000000000001111011100
0000000000000000001110001100
0000000000000000011100001100
0000000000000000111000001100
0000000000000001110000001100
0000011100000001110000001100
0000011010000011100000001100
0000001110000011100000001100
0000001111000111000000001100
1111111111111110000000001110
0000111111111100000000000100
0000000000000000000000000000
0000000000000000000000000000
