0000000000000000000000000000
0000000000000000000000000000
0000000000000000000000000000
0000000000000000000000000000
0000000000000000000000000000
0000000000000000000000000000
0000000000000000000000000000
0000000000000011000000000000
0000000000000011111100000000
0000000000000001111111110000
0000000000000001110111111000
0000000000000001110000001100
0000000000000001100000011100
0000000000000011100000111110
0000000110000011100011111000
0000111110000011100011110000
0000111111000011100111100000
0000011011000111101111000000
0000011011000111111111111000
1111111111111111111111111111
0000111111000000000011111110
0000000000000000000000000000
0000000000000000000000000000
0000000000000000000000000000
0000000000000000000000000000
0000000000000000000000000000
0000000000000000000000000000
0000000000000000000000000000
