0000000000000000000000000000
0000000000000000000000000000
0000000000000000000000000000
0000000000000000000000000000
0000000000000000000000000000
0000000000000000000000000000
0000000000000000000000000000
0000000000000000000000000000
0000000000000000000000000000
0000000000000001100000100000
0000000000000011111111110000
0000000000000011111111111000
0000011111111111111111110000
0000011111111111011111100000
0000011111110000011111100000
1111111111111011111111111111
1111111111111111111111111001
0111111111111111111111111111
0000111111111111111111111110
0000000001110000000000000000
0000000000000000000000000000
0000000000000000000000000000
0000000000000000000000000000
0000000000000000000000000000
0000000000000000000000000000
0000000000000000000000000000
0000000000000000000000000000
0000000000000000000000000000
