0000000000000000000000000000
0000000000000000000000000000
0000000000000000000000000000
0000000000000000000000000000
0000000000000000000000000000
0000000000000000101011110110
0000000000000001111111111110
0000000000000001111111111110
0000000000000000001011110110
0000000000000000000000000010
0000000000000000000000000110
0000000000000000000000001111
0000000000000000000000111111
0000000000000000000000100011
0000000000000000000000111111
0000000000000000000001111111
0000000000000000000001000011
0000000000000000000011111111
0000001110000000001111111111
0000000000000000111101111111
0000001111000001110001111111
0000011111100111000001111100
1111111111111110000001111111
0001111111110000000001111111
0000000000000000000000000000
0000000000000000000000000000
0000000000000000000000000000
0000000000000000000000000000
