0000000000000000000000000000
0000000000000000000000000000
0000000000000000000000000000
0000000000000000000000000000
0000000000000000000000011000
0000000000000000000001111000
0000000000000000001111111000
0000000000000001111111011100
0000000000000011111100111110
0000000000000111111110111110
0000000000001111111101101110
0000000000001111111101011111
0000000000011111111101111111
0000000000011111111101111111
0000000000111111111001111110
0000000000111111110011111110
0000000001111111111111111110
0000000000111110111101111110
0000000110011111111001111110
0000001011101111110001111110
0000100000110111100001111110
0000000000110111000001111110
0001111111111110000001111110
0111111110011100000001111110
0000111111110000000001111110
0000000000000000000000000000
0000000000000000000000000000
0000000000000000000000000000
