0000000000000000000000000000
0000000000000000000000000000
0000000000000000000000000000
0000000000000000000011110000
0000000000000011111111110000
0000000000000011111111000000
0000000000000011100000000000
0000000000000111100000000000
0000000000001110110000000000
0000000000001100011000000111
0000000000011000011000011111
0000000000010000001100111110
0000000000100000000111111010
0000000000111111111111111110
0000000001101111111111001110
0000000001000000001110000110
0000000011100000011100000110
0000000011111000111000000110
0000000110011100110000000110
0000001110001111110000000110
0000001111100111100000000110
0000001111100011100000000110
1110001111110111000000000110
1111111111111110000000000110
0000000111111000000000000110
0000000000000000000000000000
0000000000000000000000000000
0000000000000000000000000000
