0000000000000000000000000000
0000000000000000000000000000
0000000000000000000000000000
0000000000000000000000000000
0000000000000000000000000000
0000000000000000000000000000
0000000000000000000000000000
0000000000000000000000000000
0000000000000000000000000000
0000000000000001100000000000
0000000000000111111100111110
0000000000111110111111111110
0000000011110000000110100000
0000001110000000000110000000
0000001000000000000110000000
0000011000000000000110000000
0000010000000000000110000000
0111111111111111111111111111
1111111111111110000011111111
0000000000000000000000000000
0000000000000000000000000000
0000000000000000000000000000
0000000000000000000000000000
0000000000000000000000000000
0000000000000000000000000000
0000000000000000000000000000
0000000000000000000000000000
0000000000000000000000000000
