0000000000000000000000000000
0000000000000000000000000000
0000000000000000000000000000
0000000000000000000000000000
0000000000000000000000000000
0000000000000000000000000000
0000000000000000000000000000
0000000000000011000000000000
0000000000000111111000000000
0000000000000111111111111100
0000000000001101111111111100
0000000000011000011111111000
0000000111110000001111100000
0000111111100000001111000000
0000111111110000001111000000
0000001101111000001111000000
0111101101111100001111000000
1111111110111111110111011111
1111111111011111111111111111
0111111111111111111111111100
0000001111100000000000000000
0000000000000000000000000000
0000000000000000000000000000
0000000000000000000000000000
0000000000000000000000000000
0000000000000000000000000000
0000000000000000000000000000
0000000000000000000000000000
