0000000000000000000000000000
0000000000000000000000000000
0000000000000000000000000000
0000000000000000000000000000
0000000000000000000000000000
0000000000000000000000000000
0000000000000000000000000000
0000000000000000000000000000
0000000000000000100000000000
0000000000000010000000000000
0000000000000011000000001100
0000000000000001100000111100
0000000000000000110111111100
0000000000000000001111110000
0000000000000000001111100000
0000111110000000000111100000
0000111110000000000111000000
0000011110000000000111000000
1111110011111111111111111111
1111111111111111111111111111
0111111111111000101011111111
0000000000000000000000000000
0000000000000000000000000000
0000000000000000000000000000
0000000000000000000000000000
0000000000000000000000000000
0000000000000000000000000000
0000000000000000000000000000
