0000000000000000000000000000
0000000000000000000000000000
0000000000000000000000110000
0000000000001000000001111000
0000000000011100000011111000
0000000000011110100111110000
0000000000111111111111100000
0000000000111111111110001111
0000000000111111111110111110
0000000000011111111111111110
0000000000001111111111111110
0000000000000011111111111110
0000000000000000111111111110
0000000000000000011111111110
0000000000000000111011111110
0000000011111100111011111110
0000001111111111110011111110
0000011111111111110011111110
0000111111111111100011111110
0001111111111111100011111110
0111111111111111000011111110
0111111111111111000011111110
1111111111111111000011111110
0111111111111110000011111110
0111111111111110000011111110
0011111111111100000011111110
0000000000000000000001000000
0000000000000000000000000000
