0000000000000000000001100000
0000000000000000011111110000
0000000000000001111111111000
0000000000000001111000111000
0000000000000001111111100000
0000000000000000011111000000
0000000000000000001111000000
0000000000000000111111000000
0000000000000001111100000000
0000000000000001111000000000
0000000000000001100000000000
0000000000000001111000000000
0000000000000000111111000000
0000000000000000000111100000
0000000000000000000011100000
0000000000000000011111110000
0000000000000000111101110000
0000000000000001111001100000
0000000000000001100011100000
0000000000000001000011000000
0000000000000001100111001100
0000000000000001100111111100
0000000001110001111111111100
0000000111111101111011111100
0000000111111111100011111100
0001111110011110000011111100
0011111111111100000011111100
0000001111110000000001111000
