0000000000000000000000000000
0000000000000000000000000000
0000000000000000000000000000
0000000000000000000000000000
0000000000000000000000000000
0000000000000000000000010000
0000000000000000001111011000
0000000000000000111111111000
0000000000000000011111111000
0000000000000000011111011000
0000000000000000011111011000
0000000000000000011111011100
0000000000000000011111110000
0000000000000000011111111111
0000000000000000011111111110
0000000000000000011111111110
0000000000000000011111001100
0000001110000000111100001100
0000001110000011110000001100
0000001110000111000000001100
0111101111001110000000000100
1111111111111000000000001100
0000001111100000000000000100
0000000000000000000000000000
0000000000000000000000000000
0000000000000000000000000000
0000000000000000000000000000
0000000000000000000000000000
