0000000000000000000000000000
0000000000000000000000000000
0000000000000000000000000000
0000000000000000000000000000
0000000000000000001111100000
0000000000000011111111110000
0000000000011111111111110000
0000000000111110111101100000
0000000000110100010011100000
0000000000000000000011100000
0000000000000000000111100111
0000000000000000000111111111
0000000000000000000111111111
0000000000000000000111111111
0000000000000000000011111110
0000000000000000001111000110
0000000000000000011100000110
0000000000000000011000000110
0000000110000000110000000110
0000010110000001100000000110
0000011010000011000000000110
0000000011000111000000000110
1111111111111110000000000110
0001111111111100000000000110
0000000000000000000000000000
0000000000000000000000000000
0000000000000000000000000000
0000000000000000000000000000
