0000000000000000000000000000
0000000000000000000000000000
0000000000000000000000000000
0000000000000000000000000000
0000000000000000000000000000
0000000000000000000000000000
0000000000000000000000000000
0000000000000000000000000000
0000000000000000100001101100
0000000000000001111111111111
0000000000000011111111111111
0000000000000111111111111110
0000000000000111000000011110
0000000011000011000000011111
0000001111100011000000111111
0000111111100011100000111111
0000111111110011100000111111
0000111011110011111111111110
0111111111111111111111111110
1111111111111111111111111110
0111111111111111111111111110
0000000000000000000000000000
0000000000000000000000000000
0000000000000000000000000000
0000000000000000000000000000
0000000000000000000000000000
0000000000000000000000000000
0000000000000000000000000000
