0000000000000000000000000000
0000000000000000000000000000
0000000000000000000000000000
0000000000000000000000000000
0000000000000000011100000000
0000000000000111111111000000
0000000000011111000011100000
0000000011111100000011100000
0000000011100000000011100000
0000000000000000000011100000
0000000000000000000011100000
0000000000000000000001100011
0000000000000000000001101111
0000000000000000000001111111
0000000000000000000001111111
0000000000000000000011111111
0000000000000000001111011111
0000000000000000011100011111
0000010110000000111000011111
0000111110000001110000011111
0001111011000001100000011111
0001111101100011000000111111
0000111111100111000000010110
1111111111111110000000111111
0000101111111000000000111110
0000000000000000000000000000
0000000000000000000000000000
0000000000000000000000000000
