0000000000000000000000000000
0000000000000000000000000000
0000000000000000000000000000
0000000000000000000000000000
0000000000000000000000000000
0000000000000000000000000000
0000000000000000000000000000
0000000000000000000000000000
0000000000000000000000000000
0000000000000011000000000000
0000000000001111100000000000
0000000000011100110000011100
0000000001111000011111111110
0000001111100000001111011100
0000011110000000001111000000
0000000000000000001111000000
1100001100001111111111111110
1111111111111111111111111111
0111111111111111111111111111
0000000001111111111111111110
0000000000000000000000000000
0000000000000000000000000000
0000000000000000000000000000
0000000000000000000000000000
0000000000000000000000000000
0000000000000000000000000000
0000000000000000000000000000
0000000000000000000000000000
