0000000000000000000000000000
0000000000000000000000000000
0000000000000000000000000000
0000000000000000000000000000
0000000000000000000000000000
0000000000000111111111111000
0000000000001111111111101100
0000000000000000000000011100
0000000000000000000000111110
0000000000000000000001111110
0000000000000000000001111111
0000000000000000000011110111
0000000000000000000011111111
0000000000000000000011111111
0000000000000000000111111111
0000000000000000000111111111
0000000000000000000111111111
0000000000000000011110011111
0000000100000000111000011111
0000000110000001110000011111
0000011110000011100000011111
0000111111000111000000011111
1011111111111110000000011111
1111111111111100000000011111
0111111111111000000000011111
0000000000000000000000000000
0000000000000000000000000000
0000000000000000000000000000
