0000000000000000000000000000
0000000000000000000000000000
0000000000000000000000000000
0000000000000000000000000000
0000000000000000000000000000
0000000000000000000000000000
0000000000000000000000000000
0000000000000000000000000000
0000000000000110000000000000
0000000000001111000000001000
0000000000001111110000011100
0000000000001111111000111100
0000000000111111111111111100
0000000111100111111111111100
0000011100010011111111111110
0001111100011001111110001110
0011011100001001111110001110
0111111110101101111110011110
0111111111111111111111111110
1111111111111111111111111111
0011111111111110000011111111
0000000000000000000000000000
0000000000000000000000000000
0000000000000000000000000000
0000000000000000000000000000
0000000000000000000000000000
0000000000000000000000000000
0000000000000000000000000000
