0000000000000000000000000000
0000000000000000000000000000
0000000000000000000000000000
0000000000000000000000000000
0000000000000000000000000000
0000000000000000000000000000
0000000000000000000000000000
0000000000000000000000000000
0000000000000000000000000000
0000000000000011110000000110
0000000000000011111000011110
0000000000000000111101111100
0000000001100000000111110000
0000001101110000000111100000
0000011101111000001111000000
0000110101101000001111000000
1000111001100100001111111111
1111111111111111111101111111
0011111111111111111111111111
0000000011000110000000000000
0000000000000000000000000000
0000000000000000000000000000
0000000000000000000000000000
0000000000000000000000000000
0000000000000000000000000000
0000000000000000000000000000
0000000000000000000000000000
0000000000000000000000000000
