0000000000000000000000000000
0000000000000000000000000000
0000000000000000000000000000
0000000000000000000000000000
0000000000000000000000000000
0000000000000000000000000000
0000000000000000000000000000
0000000000000000000000000000
0000000000000000000001111000
0000000000000110000111101100
0000000000001111001111001100
0000000000011111111011111000
0000000000011111111111000000
0000000000001111111000000000
0000000100000111111000000000
0000011110000011111100001110
0000111110000011111111111111
0000011110000111111111111110
1111111111011111111001111110
1111111111111111000001111110
0000000111110000000001111110
0000000000000000000000000000
0000000000000000000000000000
0000000000000000000000000000
0000000000000000000000000000
0000000000000000000000000000
0000000000000000000000000000
0000000000000000000000000000
