0000000000000000000000000000
0000000000000000000000000000
0000000000000000000000000000
0000000000000000000000000000
0000000000000000000000000000
0000000000000000000000000000
0000000000000000000000000000
0000000000000000000000000000
0000000000000000100000000000
0000000000000011110000000110
0000000000000111111111111110
0000000000001110111111111110
0000000001111000000111111110
0000001111110000000000111110
0001111111011000000000111111
0011011111011000000000111111
1111011111111100000001111111
1111111111111101111111111110
0111111111111111111111111110
0000011111111110000011111110
0000000000000000000000000000
0000000000000000000000000000
0000000000000000000000000000
0000000000000000000000000000
0000000000000000000000000000
0000000000000000000000000000
0000000000000000000000000000
0000000000000000000000000000
