0000000000000000000000000000
0000000000000000000000000000
0000000000000000000000000000
0000000000000000000000000000
0000000000000000000000000000
0000000000000000000000000000
0000000000000000000000000000
0000000000000000000000000000
0000000000000000000000000000
0000000000000111111111111100
0000000000000111111111111100
0000000000000000000000001100
0000000000000000000000011100
0000000000011111110000111100
0000000000111111111111111000
0000000001100000011111111000
0000011011100000000011110000
0000011011000000000111100000
0000001111000000000111000000
1111111111111111111111111111
0001111111111111111011111110
0000000000000000000000000000
0000000000000000000000000000
0000000000000000000000000000
0000000000000000000000000000
0000000000000000000000000000
0000000000000000000000000000
0000000000000000000000000000
