0000000000000000000000000000
0000000000000000000000000000
0000000000000000000000000000
0000000000000000000000000000
0000000000000000000000000000
0000000000000000000000000000
0000000000000000000000000000
0000000000000000000000011000
0000000000000011000001111000
0000000000000101100111100000
0000000000011111111111000000
0000000000011111111100000000
0000000000011111111000000000
0000000001101111111100001111
0000000001111111111111111110
0000000110111111111111111110
0000011111111111111101111110
0001011011111111100001111110
0001011111111110000001111110
1111111111111100000001111110
1111111111111000000001111110
0000000111000000000001100000
0000000000000000000000000000
0000000000000000000000000000
0000000000000000000000000000
0000000000000000000000000000
0000000000000000000000000000
0000000000000000000000000000
