0000000000000000000000000000
0000000000000000000000000000
0000000000000011111111110000
0000000000000011111111111000
0000000000000000111100001100
0000000000000000000000011000
0000000000000000000000111000
0000000000000000000001110000
0000000000000000000001110000
0000000000000110000011100001
0000000000001111100111100011
0000000000011111111111001110
0000000000110011111111111110
0000000000100000111111111110
0000000000011000001111011100
0000000001101110001100001100
0000000001111111001100001100
0000000000011111111000001000
0000001111000011110000001000
0000011111100001100000011000
0000011011100001100000011000
0111111001110011000000001000
0111111111111111000000001000
0001111111111110000000001000
0000011111111110000000001000
0000000001111000000000000000
0000000000000000000000000000
0000000000000000000000000000
