0000000000000000000000000000
0000000000000000000000000000
0000000000000000000000000000
0000000000000000000000000000
0000000000000000000000000000
0000000000000000000000000000
0000000000000000000000000000
0000000000000000000000000000
0000000000000000000000000000
0000000000000110000000000000
0000000000001111110000000000
0000000000011111111000000000
0000000001110011111000000000
0000000111100011110110000000
0000111100000001111111111111
0000110000000011111101111111
1110110000111111111111111111
1111111111111111111111000000
0001111111111110000001111111
0000000000000000011011111110
0000000000000000000000000000
0000000000000000000000000000
0000000000000000000000000000
0000000000000000000000000000
0000000000000000000000000000
0000000000000000000000000000
0000000000000000000000000000
0000000000000000000000000000
