0000000000000000000000000000
0000000000000000000000000000
0000000000000000000000000000
0000000000000000000000000000
0000000000000000000000000000
0000000000000000000000000000
0000000000000000000000000000
0000000000000000000000000000
0000000000000000000000000000
0000000000000000000000001100
0000000000000011110011111100
0000000000000111111111111000
0000001100000000001111110000
0000111100000000000011100000
0000111110000000000111000000
0000111110000000000111000010
0000001111001111111111111111
1111111101111111111111111110
1111111111111111111111111110
0000000000000000000000000000
0000000000000000000000000000
0000000000000000000000000000
0000000000000000000000000000
0000000000000000000000000000
0000000000000000000000000000
0000000000000000000000000000
0000000000000000000000000000
0000000000000000000000000000
