0000000000000000000000000000
0000000000000000000000000000
0000000000000000000000000000
0000000000000000000000000000
0000000000000000000000000000
0000000000000110000000000000
0000000000001110011111111100
0000000000001111111111111100
0000000000010111111111111100
0000000000010110011111111100
0000000000010110011111111100
0000000000010111111111100000
0000000000011111111111000000
0000000000011011111111000000
0000000000001111111111000000
0000000000011111111111000000
0000000000111011111111111111
0000000001110111111111111111
0000000011110111111111111110
0000001111001111111101111110
0000001101111111110001111110
0000010101111111100001111110
1111111111111110000011111110
0011111111111100000011111110
0000000000000000000000000000
0000000000000000000000000000
0000000000000000000000000000
0000000000000000000000000000
