0000000000000000000000000000
0000000000000000000000000000
0000000000000000000000000000
0000000000000000000000000000
0000000000000000000000000000
0000000000000000000000000000
0000000000000000000000000000
0000000000000011110000000000
0000000000000111111111011100
0000000000000111011111111110
0000000000000111111111111110
0000000000001111111111111110
0000000000011001111111111110
0000000011110000111111111110
0000011111110000111111111110
0001111111111011111111111110
0111111111111111111111111110
0101111111111111111111111110
1101111111111111111111111111
1001111111111111111111111111
1111111111111111111111111110
1111111111111111111111111110
0000011000000000000001011100
0000000000000000000000000000
0000000000000000000000000000
0000000000000000000000000000
0000000000000000000000000000
0000000000000000000000000000
