0000000000000000000000000000
0000000000000000000000000000
0000000000000000000000000000
0000000000000000000000000000
0000000000000000000000000000
0000000000000000000000000000
0000000000000000000000000000
0000000000000000000000000000
0000000000000000000000011100
0000000000000000011111111111
0000000000000000011111111110
0000000000000000111111111110
0000000000000001110000000000
0000000000000001111000000000
0000000000000001111000000000
0000001100000000111100000000
0000111100000000111100000000
0000111100000000011100000000
1100011100000000011110111110
1111111111111111111111111110
0011111111111111100111111100
0000000000000000000000000000
0000000000000000000000000000
0000000000000000000000000000
0000000000000000000000000000
0000000000000000000000000000
0000000000000000000000000000
0000000000000000000000000000
