0000000000000000000000000000
0000000000000000000000000000
0000000000000000000000000000
0000000000000000010011100000
0000000000000011111101000000
0000000000001011111101100000
0000000000011111111111010000
0000000000000111111001010000
0000000000001111100001010000
0000000000011110000001010000
0000000000000000000001010111
0000000000000000000001011111
0000000000000000000001111110
0000000000000000000011011110
0000000000011100000111111110
0000000000001111110111111110
0000000000110000001110111110
0000000000111111101100111110
0000000000011110111100111110
0000000001111011111000111110
0000000000111100111000111110
0000001100001111110000111110
0000110000000011110000111110
0000010100000111100000111111
0000011111111111000000011110
1111111111111110000000111111
0111111111111100000000011111
0000000000000000000000000000
