0000000000000000000000000000
0000000000000000000000000000
0000000000000000000000000000
0000000000000000000000000000
0000000000000000000000000000
0000000000000000000000000000
0000000000000000000000000000
0000000000000000000000000000
0000000000000001100000000000
0000000000000011110000011000
0000000000000011111000111000
0000000000000011011111111000
0000000111000111111111111100
0000001111111111111111110000
0000001111111111111111000000
0000011111111111111111100000
1100011111111100111111100000
1111111111111111111111111111
0011111111111111111111111111
0000001111111100000111111110
0000000000000000000000000000
0000000000000000000000000000
0000000000000000000000000000
0000000000000000000000000000
0000000000000000000000000000
0000000000000000000000000000
0000000000000000000000000000
0000000000000000000000000000
