0000000000000000111100000000
0000000000000001111110000000
0000000000000001111000000000
0000000000000000001100000000
0000000000000001001111000000
0000000000000001011111000000
0000000000000000011011000000
0000000000000000011011000000
0000000000000000011001000000
0000000000000000011111000000
0000000000000000001111000000
0000000000000000001101000000
0000000000000000000001000000
0000000000000000001001000000
0000000000000000111111000000
0000000000000000111111000000
0000000000000000000001000000
0000000000000000000001000000
0000000000000000010001000000
0000000000000000011111000000
0000000000000000010111000000
0000000000000000001111100000
0000000000000011111111100000
0000000000000110001100100000
0000000000000110011000100000
0000000001000110010000100000
0000001111100111111111100000
0000001111111111111111100000
