0000000000000000000000000000
0000000000000000000000011000
0000000000000000011111111000
0000000000000011111110111000
0000000000000110000000010000
0000000000000110011111111000
0000000000001111111111111000
0000000000001111111000011100
0000000000001100000000011110
0000000000001000000000111110
0000000000011011111111111110
0000000000011111111100111111
0000000000011100000000111111
0000000000111001111110111111
0000000000111111111111111111
0000000000111111111111111110
0000000001101110000001111110
0000000001000000011111111110
0000000011111100001110000110
0000000100111110011000000110
0000011110001111110000000110
0000111101100001100000000110
0001100100100011000000000110
0011110110110011000000000110
0011001011001110000000000100
1111111111111100000000000110
0000001111110000000000000110
0000000000000000000000000000
