0000000000000000000000000000
0000000000000000000000000000
0000000000000000000000000000
0000000000000000000000000000
0000000000000000000000000000
0000000000000000000000000000
0000000000000000000000010000
0000000000000000000000111000
0000000000000011000001111100
0000000000000111111111111000
0000000000000111111111110000
0000000000000000111111100000
0000000000000000000111000000
0000000000000000001110000111
0000000000000000001110111110
0000000000000000001111110000
0000000000000000011110001110
0000011110000000111001111110
0000111110000011101111111110
0000011110000111011111111110
1111111110001100111111111110
1111111111111001111111111110
0000011111100111111111111110
0000000000000000000000000000
0000000000000000000000000000
0000000000000000000000000000
0000000000000000000000000000
0000000000000000000000000000
