0000000000000000000000000000
0000000000000000000011100000
0000000000000000111111110000
0000000000000000111111100000
0000000000000011111111110000
0000000000000111100000110000
0000000000000000000000111000
0000000000000000000000111100
0000000000000000000000111100
0000000000000000000000111110
0000000000000000000000111110
0000000000000000000000111110
0000000000000000000000111110
0000000000000000000000111110
0000000000000000000001111110
0000000000111100000011111100
0000000000011111100111001100
0000000000110011111110001100
0000000000000010011110001100
0000000000000000111100001100
0000000010000000111000001100
0000000111000001110000001100
0000000111000001110000001100
0000000111100011100000001100
0111111110111111000000001100
0011111111111111000000001100
0000000011111100000000001100
0000000000000000000000000000
