0000000000000000000000000000
0000000000000000000000000000
0000000000000000000000000000
0000000000000000000000000000
0000000000000000000000000000
0000000000000000000000000000
0000000000000000000000000000
0000000000000000000000001110
0000000000000011000001111110
0000000000011111000011111110
0000000000011111011111111000
0000000000000000111111100000
0000000100000001111000000000
0000111110001111110000000000
0000111010000111000011111111
0000111011000000111111111111
1110111111111111111111111111
1111100111111111111111111110
1111111111111111111111111110
1111111111111111111111111110
0111111111111111111111111110
0000111111111111110000000000
0000000000000000000000000000
0000000000000000000000000000
0000000000000000000000000000
0000000000000000000000000000
0000000000000000000000000000
0000000000000000000000000000
