0000000000000000000000000000
0000000000000110000000000000
0000000000001110000000001000
0000000000001100000111111000
0000000000001111111111111000
0000000000001111111111111100
0000000000001111111111111100
0000000000001000000111111100
0000000000001111000000111110
0000000000011111111110111110
0000000000011111111111111110
0000000000010111111111111110
0000000000010101111111111111
0000000000111100011111111110
0000000000111111000011111110
0000000000111111110011111110
0000000001101111111111111100
0000000001100111111110011100
0000000011111001111100011100
0000000011111100111000011000
0000000011111111110000011000
0000001100111111100000011000
0000011110111111100000011000
0000011110011111000000011000
1111111111001111000000011000
0111111111111110000000011000
0000111111111100000000011000
0000000001000000000000000000
