0000000000000000000000000000
0000000000000000000000000000
0000000000000000000000000000
0000000000000000000000000000
0000000000000000000000000000
0000000000000000000000000000
0000000000000000000000000000
0000000000000000100000001100
0000000000000000111111111100
0000000000000001111111111100
0000000000000001111111111100
0000000000000011110111111100
0000000000000111111000111100
0000000000001100111111111100
0000000001111000000111111110
0000000111010000000000011110
0000111011010000000000111110
0001111011110000000001111110
0000011111111111111111111110
1111111111111111111111111111
1111111111111111111100000000
0000000110000000000001111110
0000000000000000000000000000
0000000000000000000000000000
0000000000000000000000000000
0000000000000000000000000000
0000000000000000000000000000
0000000000000000000000000000
