0000000000000000000000000000
0000000000000000000000000000
0000000000000000000000000000
0000000000000000000000000000
0000000000000000000000000000
0000000000000000000000000000
0000000000000000000000000000
0000000000000000000000000000
0000000000000000111110000010
0000000000000001111111111111
0000000000000011101111111110
0000000000000111110111100010
0000000000000111110000001110
0000000000000011111000111111
0000001111000011111101111110
0000111111100011111111111000
0000111111111111111111111111
1111111111111111111111111111
1111111111111111111111111111
0011111111111111111011011111
0000001110110000000011100000
0000000000000000000000000000
0000000000000000000000000000
0000000000000000000000000000
0000000000000000000000000000
0000000000000000000000000000
0000000000000000000000000000
0000000000000000000000000000
