0000000000001011000000000000
0000000000001111100000000000
0000000001111111111100000000
0000000111110011111111000000
0000001111110111111111100000
0000001011110011111111100000
0000011111110111111111110000
0000011110110111111111110000
0000011111101111011111110000
0000011111001111011110110000
0000011111011111111110110000
0000011111111111111110110000
0000010111111111111110110000
0000011111111011111110110000
0000011111111011011111110000
0000011111111011011111110000
0000011101111011011101010000
0000011101111011011100110000
0000111101111011011100111000
0000111101110111011110111000
0000111101111111111110111000
0000111101111111111110111000
0000111001111111111110111000
0000111001111111111110111000
0000111001111111111110111000
0000111001111111111110111000
0000111001111111111100111000
0000011000000000000000010000
