0000000000011111000000000000
0000000000011111000000000000
0000000011101110111000000000
0000000111111011111110000000
0000001111011111111111000000
0000001111101111111111000000
0000001111111111111111000000
0000011111111111111111100000
0000011101111111110111100000
0000011111111111111110100000
0000010110111111110110100000
0000010110111111110110100000
0000010110111111110110100000
0000010110111111110110100000
0000010110111111110111100000
0000011111111111110111100000
0000011101111111111111100000
0000011101111111111011100000
0000011101111111111011100000
0000101101111111111011110000
0000001101111111111011010000
0000101101111111111011010000
0000001001111111111001110000
0000001001111111111101110000
0000011001111111111101100000
0000011011111111111101110000
0000011001111111111001100000
0000000000011111100000000000
