0000000000011000110000000000
0000000011011111110110000000
0000000100000001000011000000
0000000100000000000101100000
0000001100000001000111100000
0000001100000000000111100000
0000001110000000010011100000
0000011110000000111111100000
0000011011011001010110110000
0000011111111110111111110000
0000010110111111111111110000
0000010110111111111111110000
0000010100111101111111110000
0000011101111111111101110000
0000011101111111111101110000
0000111101111111111101110000
0000101101111111111101110000
0000101101111111111101110000
0000101101111111111101111000
0000101101111111111101111000
0000101101111111111101111000
0000111101111111111101111000
0000111101111111111101111000
0000111001111111111101111000
0000111011111111111111111000
0000111000000000000000111000
0000111000000000000000111000
0000011000000000000000110000
