0000000011000000001010000000
0000011111100001111011100000
0000111111111111110011100000
0000111100011111110111110000
0000111110001110111011110000
0001111110001111011111101000
0000111101111111101111010000
0000011111111001111011000000
0000001111110011111011000000
0000000111101011101110000000
0000000111111111001010000000
0000000111111100101110000000
0000000111111111111110000000
0000000111111110011110000000
0000000101111111111110000000
0000000110111111110110000000
0000000111110011111011000000
0000001101111011111011000000
0000001111110011111101000000
0000001111011111001111100000
0000001111111111101111100000
0000011111101111001111100000
0000010111100011111111100000
0000001111010001110101100000
0000011111110011111101100000
0000011000110110010111100000
0000001011110111110111000000
0000000000110111010000000000
