0000000000011101100000000000
0000000000101111000000000000
0000000010000110010010000000
0000001110010110100011000000
0000010111111111111111100000
0000010110001111010110100000
0000010010001001000110000000
0000010110001001110010000000
0000010110111011001100000000
0000111111111111011111110000
0000101111011011111111000000
0000110110011011100110010000
0000000111000110000110000000
0000100100001011000110000000
0000101101011011100011110000
0000111111111011111011110000
0000011111011011101111100000
0000011010011011100111100000
0000011010011110000101000000
0000001010011010000111100000
0001111010011011100101111000
0000111111111111111101111000
0000011110011111101111101000
0000011110011011100111100000
0000011110011011000110100000
0000011110011011000100111000
0001110011111011011100110000
0000000000111111011000100000
