0000001000000000000001000000
0000011100000000000001100000
0000001100000000000011100000
0000001110000000000011100000
0000001111000000000111100000
0000001111100000001101100000
0000001111110000011011100000
0000001111111000111111100000
0000001101101101101111100000
0000001110111111111111100000
0000001111111111111111100000
0000001111111011111101100000
0000001111111011110111100000
0000011111111011111111100000
0000011111111011111111100000
0000011111111011111110110000
0000011111111011101100110000
0000011111101101111100110000
0000011101110101111111110000
0000011101010000111111110000
0000011101101100111111110000
0000011101101111111111110000
0000011111101111111011110000
0000011111101110111111110000
0000011111101110111111110000
0000111111111110111111110000
0000111111110110111111110000
0000000000111110111000000000
