0000000000010001100000000000
0000000000011111100000000000
0000000011111111111000000000
0000000111111111111110000000
0000001111111111111111000000
0000001111111111111111000000
0000011111111111111111100000
0000011111111111111111100000
0000011111111111111111100000
0000011111111111111111100000
0000011111111111111111100000
0000011111111111111111110000
0000111111111111111111110000
0000111111111111111111110000
0000111101111111111111110000
0000111101111111111011110000
0000111001111111111011110000
0000111001111111111001110000
0000111011111111111111110000
0001111011111111111101111000
0001111011111111111101111000
0001111011111111111101110000
0000110111111111111111110000
0000110111111111111111110000
0000110111111111111110110000
0000110111111111111110110000
0001110011111111111100110000
0000000000000011100000100000
