0000000000000000000000000000
0000000000000000000000000000
0000000001111111111000000000
0000000011111111111100000000
0000000111110111111111000000
0000001111111111111111000000
0000001111000110010001100000
0000001101111111111111100000
0000001111111111111111100000
0000011111111111111111100000
0000011111110111011111100000
0000011111110111111011110000
0000010111111111111111010000
0000111111111111111111110000
0000111111100111010111110000
0000111111111111111111110000
0000111111111111111111111000
0000101111111111111111011000
0001111111111111111111111100
0001111101100110011011111100
0001111111111111111111111100
0001111111111111111111111110
0011011111111111111111111110
0011010111111111111011111110
0001111111100111011011111000
0000111100000000000011110000
0000000000000000000000000000
0000000000000000000000000000
