0000000000001101000000000000
0000000000111101110000000000
0000000011111111111100000000
0000000111111111111110000000
0000000111111111111111000000
0000001111011111111111000000
0000001111111111111111100000
0000011111111111001111100000
0000011111111111111011110000
0000111111111111111111111000
0000111111111111111111111000
0000011111111111111111100000
0000000111111111111111000000
0000000111111111111110000000
0000000111111111111110000000
0000000111111111111110000000
0000000111111111101110000000
0000000111111111101111000000
0000000111111000111111000000
0000000111111111111111000000
0000000111111111111111000000
0000000111111111111111000000
0000000101110011111111000000
0000001111110000011111000000
0000001111010000011111000000
0000001111100000001111000000
0000000111100000000111000000
0000000010000000000010000000
