0000000000000000000000000000
0000000011110000111111000000
0000000111111111111111100000
0000001111111111111111110000
0000001111111111111111110000
0000001111111111111111110000
0000001111111111111111110000
0000011111111111111111110000
0000011111111111111111111000
0000011111111111111111111000
0000011111111111111111111000
0000011111111111111111111000
0000011111111111111111111000
0000111111111111111111111000
0000111111111111111111111000
0000111111111111111111111000
0000111101111111111110111100
0000111001111111111110111100
0000111011111111111111111100
0000111011111111111111111100
0000111011111111111111111100
0000111011111111111111011100
0000110011111111111111111100
0001110001111111111110011100
0001110000000111111000011100
0000111000000000000000011100
0000000000000000000000000000
0000000000000000000000000000
