0000000001000000000010000000
0000000011111000111111000000
0000000111111111111111100000
0000001111111111111111100000
0000001111111111111111100000
0000001111111111111111110000
0000001111111111111111110000
0000001111111111111111110000
0000011111111111111111110000
0000011111111111111111110000
0000011111111111111111111000
0000011111111111111111111000
0000111111111111111111111000
0000111111111111111111111000
0000111111111111111111111000
0000111111111111111111111100
0000111111111111111111111100
0000111111111111111111111100
0001111111111111111111111100
0001111111111111111111111100
0001111011111111111111011100
0001111011111111111111011110
0001111011111111111111011110
0011110011111111111111011110
0011110011111111111111011110
0011110000111111111110001110
0011110000000000000000001111
0000100000000000000000000100
