0000000000000000000000000000
0000000111100000001111000000
0000011111111111111111100000
0000111111111111111111111000
0000111111111111111111111000
0000111111111111111111111000
0001111111111111111111111100
0001111111111111111111111100
0001111111111111111111111100
0001111111111111111111111100
0001111111111111111111111100
0001111111111111111111111100
0011111111111111111111111100
0011111111111111111111111110
0011111111111111111111111110
0011111111111111111111111110
0011111111111111111111111110
0011110111111111111111111110
0011111111111111111111111110
0011111111111111111111111110
0011111111111111111111111111
0011111111111111111111111111
0011111111111111111111111111
0011101111111111111111101111
0111101111111111111111101111
0111100000000000000000001111
0111100000000000000000001111
0001000000000000000000000100
