0000000000001101100000000000
0000000000001111100000000000
0000000001110111011100000000
0000000111101111111111000000
0000001100010000110001100000
0000001000000010000111100000
0000001100001111111111110000
0000001100101111111011110000
0000011110001111111011110000
0000010110111111111111110000
0000010110111111111111110000
0000010110111111111011010000
0000010110111111111011110000
0000010110111111111011110000
0000011110111111110011110000
0000011110111111111011110000
0000011110111111111011110000
0000001110111111111011110000
0000001100111111111011110000
0000001100111111111011111000
0000001100110111111001101000
0000001101111111111101101000
0000001101111111111101101000
0000001101111111111101100000
0000001101011111111101100000
0000001001111111111100100000
0000011101111111111100110000
0000001000000110100000100000
