0000000001000000011000000000
0000000011110110111100000000
0000000111111111110110000000
0000001111100001001110000000
0000001110111111110111000000
0000011111111111110111100000
0000111111111111111111100000
0000111111111111111111110000
0000001111111111111111100000
0000000111111111111110000000
0000000111111111111110000000
0000000111111111111110000000
0000000111111111111110000000
0000000111111111111110000000
0000000111111111111111000000
0000000111111111111111000000
0000000111111111111111000000
0000000111111111111111000000
0000001111111111111111000000
0000001111111111111111000000
0000001111111111111111000000
0000001111111111111111100000
0000000111111111111100100000
0000000111111111111100000000
0000000001111111111100000000
0000000001111111111000000000
0000000000111111100000000000
0000000000000001000000000000
