0000000010000000001000000000
0000000000000000001000000000
0000000000000000000000000000
0000000001101110010000000000
0000000111111111111100000000
0000111111101110101111100000
0000110111111111101110100000
0000111111111111111110100000
0000111111111111111111100000
0000111111111111111110100000
0000111111111111111011100000
0000111111111111111111100000
0000111101111111111011100000
0000111111111111111011110000
0000111111111111111011110000
0001111011111111111011110000
0001111011111111111011110000
0001111011111111111111110000
0001111011111111111111110000
0001111011111111111111110000
0001111111111111111111110000
0001111011111111111101110000
0001111001111011000001111000
0001111000000000000001111000
0001111000000000000001111000
0001111000000000000001111000
0001111000000000000001111000
0001111000000000000001111000
