0000000000001101100000000000
0000000000001111100000000000
0000000001111111101100000000
0000000111110111101111000000
0000001100001100110001100000
0000001110000000000000110000
0000001110000000000011110000
0000000110000000000001110000
0000000110000001000011110000
0000000110000011001011110000
0000000110100011001011110000
0000010110000011000011110000
0000010110000011010011110000
0000010110000011000011010000
0000010110000111010011010000
0000011110000011010011010000
0000011110000111001011110000
0000011100001111100001111000
0000001100001111100001111000
0000101100001111100001101000
0000001100000011100101101000
0000101100010111100001101000
0000101100011101110001101000
0000101100001111010001100000
0000101100011011101001101000
0000001100000111100001100000
0000001101100110110101110000
0000001100001111100000110000
