0000000000000000000000000000
0000000000001111100000000000
0000000000111111110000000000
0000000001111111111100000000
0000000111111111111111000000
0000001111010110101011100000
0000001111111111111111100000
0000001111010100101011100000
0000001111111111111111100000
0000001111010100010111100000
0000011111111111111111100000
0000001111010000000110110000
0000011111111111111111110000
0000011111111111111111110000
0000010111111111111111110000
0000011111111111011011010000
0000010101111111111111110000
0000011101111111111101100000
0000000100101101011101111000
0000111101111111110101100000
0000101101000001011101111000
0000111101111111111101111000
0000101100011111010100111000
0000111011111111111110111000
0000101001010111010100010000
0000111001111111111100111000
0000011000111111010000110000
0000011000000000000000110000
