0000000000000000100000000000
0000000000011111100000000000
0000000000111111000000000000
0000000111111110010000000000
0000001101100111100000000000
0000011101110110000000000000
0000111110110110000100000000
0000111111010110000000000000
0000111111110110000001100000
0001111111110110110001100000
0001111111110110110001100000
0000111111111110110011100000
0000000011111110110001000000
0000000011110110010000000000
0000000011111110010000000000
0000000011111110011000000000
0000000011111110011000000000
0000000011111111001000000000
0000000011111110101000000000
0000000011111110001000000000
0000000011111111011000000000
0000000011111111111000000000
0000000111111111111010000000
0000000111111110111011000000
0000000111111110111011000000
0000000011111110111100000000
0000000001111110011100000000
0000000000110111000000000000
