0000000000000000000000000000
0000000001111100111100000000
0000000111111111111111000000
0000001111111111111111100000
0000001111111111111111100000
0000001111111111111111100000
0000001111111111111111110000
0000001111111111111111110000
0000011111111111111111110000
0000011111111111111111110000
0000011111111111111111110000
0000011111111111111111110000
0000011111111111111111110000
0000011111111111111111110000
0000011111111111111111111000
0000011101111111111111111000
0000111101111111111111111000
0000111101111111111111111000
0000111101111111111111111000
0000111101111111111111111000
0000111111111111111111111000
0000111111111111111111111000
0000111111111111111111111000
0000111111111111111111111000
0000011001111111111101111000
0000111000000010000000111000
0000111000000000000000111000
0000000000000000000000010000
