0000000111100001111000000000
0000010111111111111001000000
0000000011111111110000000000
0000000000111111000000000000
0010000001111111100000000000
0000000001110111100000000000
0000000000001110000000000000
0000000000001110000000000000
0010000000001110000000000000
0000000000001110000010000000
0000011000001110000010000000
0000011000001110000010000000
0000011000001110000011000000
0000010000001100000011000000
0000010000001110000001000000
0000010000001110000001000000
0000010000000000000001100000
0000010000000010000001100000
0000100000000000000000100000
0000100000000000000000100000
0000100000000000000000100000
0000100000000000000000100000
0000100000000000000000110000
0000100000000000000000110000
0000100000000000000000010000
0000000000000001000000000000
0000011001100011001000100000
0000000011000001100000100000
