0000000000000000000000000000
0000001111000000011111000000
0000111111100000111111110000
0001111111111111111111110000
0001111111111111111111111000
0001111111111111111111111000
0011111111111011111111111000
0011111111111011111111111100
0011111111111001111111111100
0111111111110001111111111100
0111111111110001111111111110
0111111111111001111111111110
0000011111111011111111111111
0000001111111111111111111100
0000000111111111111111100000
0000000111111111111100000000
0000000111111111111100000000
0000000000011111100000000000
0000000000011011100000000000
0000000000111011000000000000
0000000000111011000000000000
0000000000011011000000000000
0000000000011011000000000000
0000000000010011000000000000
0000000000110011000000000000
0000000000110011000000000000
0000000000110000000000000000
0000000000100000000000000000
