0000000001000000011000000000
0000000011111001111100000000
0000000111111111111110000000
0000000111111111111111000000
0000001111111001111111000000
0000001111111001111111000000
0000011111111011111111100000
0000011111111011111111100000
0000011111111111111111100000
0000011111111111111111110000
0000111111111111111111110000
0000111111111111111111110000
0000111111111111111111110000
0000111101111111111111110000
0000111101111111111011110000
0000111100111111111011111000
0001111101111111111011111000
0001111101111111111001111000
0001111000111111111001111000
0001111000111111110001111000
0000111000011111110001110000
0000110000011111100000110000
0000100000001111100000010000
0000100000000111000000010000
0000000000000000000000000000
0000000000000000000000000000
0000000000000000000000000000
0000000000000000000000000000
