0000000010000000000100000000
0000001111000000001110000000
0000011111100000011111100000
0000111111110000111111110000
0001111111111111111111111000
0000111111111111111111110000
0000111111111111111111110000
0000111111111111111111110000
0000111111111111111111110000
0000100110100101001001110000
0000111110110111011111100000
0000110110110111011011100000
0000111110110111011011100000
0000111110110111011011100000
0000111110110111011011100000
0000111110110111010011100000
0000111110110111010011100000
0000111110110111010011100000
0000111110110111010011100000
0000111110010111010011100000
0000111110011111011011100000
0000111110011111011011100000
0000111110011111011011100000
0000111110111111010011100000
0000111110011111001011100000
0000111111111111111111100000
0000111111111111111111100000
0000111111111111111111100000
