0000000000011111000000000000
0000000000011111100000000000
0000000011110110111000000000
0000000111100110111110000000
0000001111110110111111000000
0000011111110110111111000000
0000011111110100111111100000
0000011110001010110111100000
0000010110011111110111100000
0000010110011011100110100000
0000010110101011110110100000
0000110110111011110111100000
0000111110111111110111100000
0000111111111011111111110000
0000111111111111111011010000
0000111111111111111011110000
0000111101111111111011110000
0000111101111110111011110000
0000111101111011110011110000
0000111101111111111011110000
0000111101111011111011110000
0000111111111111111001110000
0000111111111011111101111000
0001111011111111111001111000
0001011000000000000001101000
0001011000000000000001101000
0001011000000000000001101000
0000011000000000000001100000
