0000000000000000000000000000
0000000001100000011000000000
0000000001111001111000000000
0000000001111111111100000000
0000011011111111111101000000
0000011111111111111111100000
0000011111111111111110100000
0000111111111110111111100000
0000111111111111111111110000
0000000010111110111111000000
0000000111000111111110000000
0000000111101111111110000000
0000000111111110011100000000
0000000111110111111100000000
0000000011110111111110000000
0000000111110110111110000000
0000000111111111111110000000
0000000111111111111110000000
0000000111011111111110000000
0000000111111111111110000000
0000000111111111111110000000
0000000111111101101010000000
0000000111111001111010000000
0000000111111001111111000000
0000000101111001111111000000
0000000111111001111111000000
0000000111111001111111000000
0000000000000000100000000000
