0000000000001101100000000000
0000000000011111100000000000
0000000011111111111100000000
0000000111111111111111000000
0000001111111110111111000000
0000001111111111110111000000
0000001111111111111111000000
0000011111111111111011100000
0000011111111111110111100000
0000011111111111111111100000
0000011111111111110110100000
0000011011111111110110100000
0000011111111111110111100000
0000011111111111111111100000
0000011111111111101011100000
0000011111111111111111100000
0000011011111111101111100000
0000011011111111111111100000
0000011011111111111111100000
0000111011111110111011100000
0000011001111111111001100000
0000111001111111111001110000
0000111001111111111101110000
0000111011111111111101110000
0000111011111111111101110000
0000111001111111111001110000
0000111000000111100001100000
0000010000000000000001100000
