0000000000000000000000000000
0000000011100000111100000000
0000001111111111111110000000
0000011111101111110001100000
0000011110111100111011100000
0000101100011100001100000000
0000111100000100011101110000
0000110111111001111110111000
0001100111101111101100011000
0001001011010111100101110100
0001111011011111101011110100
0001111110111111101111111000
0000011101111111011110110000
0000000101100101111111100000
0000000111000110111111000000
0000000110000011111111000000
0000000101111011001101000000
0000000111111111111110000000
0000000100001100111111000000
0000000101110111110111000000
0000001111100110011111000000
0000001111110111101111000000
0000000010011111010110000000
0000000111111111101100000000
0000000111101110000110000000
0000000111101111001011000000
0000001101111110111111000000
0000000100111111111110000000
