0000000000001011100000000000
0000000000011111110000000000
0000000001110111101000000000
0000000011110111011111100000
0000001111111111111101100000
0000000001100000100000100000
0000000000100000100000110000
0000000101111001100010110000
0000000100011000111010110000
0000011110001111111001110000
0000011110001111101111110000
0000001110011000100110010000
0000000110110010100000110000
0000000110100001110011110000
0000000110110000100011110000
0000111110110111110011111000
0000111111111111111111110000
0000001111111111111011100000
0000001100100000100011000000
0000001100100010100011110000
0000001100110001110011110000
0000101100100000100001111000
0000111101111111111011111000
0000011101111111111111110000
0000001101100101110001100000
0000101000000000100001100000
0000101001100001100001100000
0000001001100000100000100000
