0000001000000000000001000000
0000001000000000000011000000
0000001100000000000011000000
0000001100000000000111000000
0000011100000000000111000000
0000011010000000001101000000
0000011111111111111101000000
0000001111111111111111000000
0000001111111111111111000000
0000001111111111111111000000
0000001111111111111111000000
0000001111111111111111000000
0000001111111111111111000000
0000011111111111111111100000
0000011111111111111111100000
0000001111111111111111100000
0000001111111111111111000000
0000001111111111111111000000
0000001111111111111111100000
0000001111111111111111100000
0000001111111111111111000000
0000011111111111111111100000
0000011111111111111111100000
0000010000000000000000100000
0000010000000000000000010000
0000110000000000000000101000
0000100000000000000000110000
0000000000000000000000000000
