0000000000000000010000000000
0000000011000010010000000000
0000000111111110010000000000
0000000111111111010000000000
0000001011111011111110000000
0000001111111111011111000000
0000011111100011000001100000
0000011111111011011011010000
0000111111011011011011001000
0000111111111111111011011000
0000111111111111111010000000
0001111111111110110000000000
0000011111111110100000000000
0000111111111111100000000000
0000111111111101000000000000
0000111111111101000000000000
0001111111111111100000000000
0001111111111111000000000000
0001111111111111000000000000
0001111111111111100000000000
0000111111111111100000000000
0000111111111111100000000000
0000111111111111100000000000
0000111111111111100000000000
0000111111111111100000000000
0000111111111111100000000000
0000111111111111100000000000
0000111111111110100000000000
