0000000000011111100000000000
0000000000111111100000000000
0000000011111110111000000000
0000001111111111111110000000
0000011111111111111111000000
0000011111111111111111000000
0000111111111111111011100000
0000111111111111111011100000
0000111111111111111011000000
0000111111111111110011000000
0000111111111111110011000000
0000111111111111110011000000
0000111111111111110011100000
0000111111111111110011110000
0000111111111111111011110000
0000111011111111111011110000
0000111011111111111011100000
0000111011111111111101100000
0000111011111111111101100000
0001111011111111111101100000
0001111011111111111101110000
0001110011111111111101110000
0001110111111111110101110000
0001110111111111110101110000
0001110111111111110110110000
0001110111111111111100110000
0001110011111111111000110000
0000110000001100000000110000
