0000000100000000000100000000
0000001100000000001100000000
0000000100000000001100000000
0000000110000000001100000000
0000000111111111111100000000
0000011111111111111111100000
0000111111111111111111100000
0000111111111111111101100000
0000111111111111111111100000
0000111111111111111111100000
0000111101111111110111100000
0000111101111111111111110000
0000111111111111111111110000
0000111111111111111111110000
0000111101111111111011110000
0001111111111111111011110000
0001111011111111111011110000
0001111111111111111011110000
0001111011111111111101110000
0001111011111111111101110000
0001110011111111111101111000
0011110000010000001001111100
0011111000000000000001101110
0001000000000000000000001001
0001000000000000000000001100
0011000000000000000000000100
0011000000000000000000000100
0001000000000000000000000000
