0000000000100000000000000000
0000000111111111111110000000
0000011111111111111111100000
0000111111011111011111100000
0000111111101110111111100000
0000111111110101111111100000
0000111111111011111111110000
0000111111111011111111110000
0000111111111011111111110000
0001111111111011111111110000
0001111111111111111111110000
0000011111111111111111000000
0000000111111111111100000000
0000000111111111111100000000
0000000111111111111100000000
0000000111111111111100000000
0000000111111111111100000000
0000000111111111111110000000
0000000111111111111110000000
0000000111111111111110000000
0000000111111111111110000000
0000000111111111111110000000
0000001111111111111110000000
0000001111111111111110000000
0000001111111111111110000000
0000001111111111111110000000
0000001100011000111110000000
0000000000000000000000000000
