0000000011100000111000000000
0000001111111111111110000000
0000001111111111110110000000
0000001101111111110110000000
0000001111111111111110000000
0000000111111111111110000000
0000000111111111111110000000
0000000101111001111110000000
0000000111111001111110000000
0000000111001001000110000000
0000000111000001000010000000
0000000111101101100110000000
0000000111111001111110000000
0000000111111011111110000000
0000000111111111111110000000
0000000111111111111110000000
0000000111111101111110000000
0000000111111111111110000000
0000000111111111111110000000
0000001111111111111110000000
0000001111111101111110000000
0000001111111111111111000000
0000001111111111111111000000
0000001111111111111111000000
0000001111111111111111000000
0000001111111111111111000000
0000001101110000100011000000
0000001111111011111111000000
