0000000000011111100000000000
0000000011111111111110000000
0000001111101110101111000000
0000001111111011111111000000
0000001111101110111011000000
0000011111111011111111100000
0000011111111110101111100000
0000011110111111111111100000
0000011111111111101111100000
0000011111101111111111100000
0000011111111110111111100000
0000011111111111111111100000
0000011111111011111111100000
0000011111111111111111100000
0000111111011111111111110000
0000111111111111111111110000
0000111111111111111111110000
0000111111111111111111110000
0000111111111011111111110000
0001111111111111111111111000
0001111111111111110111111000
0001111111111111111111111000
0001111111111111111101111000
0001111111111111111111111000
0001111111111111111110111000
0001110011111111111100111000
0011110000111111110000111100
0000110000000000000000110000
