0000000000000001000000000000
0000000000001111100000000000
0000000000111001111000000000
0000000011111111111110000000
0000000111111111111111000000
0000001111111111111111000000
0000001111111111111111000000
0000001111111111111111000000
0000001111111111111111000000
0000011111111111111111100000
0000011111111111111111100000
0000011111111111111111100000
0000011111111111111111100000
0000111111111111111111110000
0000111111111111111111110000
0000111111111111111111110000
0000111111111111111111110000
0000111111111111111111111000
0001111111111111111111111000
0001111111111111111111111000
0001111111111111111111111000
0001111111111111111111111100
0001110111111111111111111100
0001110111111111111111011100
0011101111111111111111011100
0011100111111111111110011100
0001100011111111111100001000
0000000000000000000000000000
