0000000000001111000000000000
0000000000001111000000000000
0000000000111111000000000000
0000000011111111100000000000
0000001110111111000011000000
0000011111111110111101100000
0000011111111111111011100000
0000011111111111110111100000
0000111111111111111111110000
0000111111111111111111110000
0000111111111111111111110000
0000111111111111111111110000
0000111111111111111111110000
0000111111111111111111110000
0001111111111111111111111000
0001111111111111111111111000
0001111011111111111111111000
0001111011111111111101111000
0001111011111111111101111000
0001111011111111111101111000
0001111011111111111101111000
0001111011111111111101110000
0000111011111111111101110000
0000111011111111111101110000
0000111111111111111111110000
0000110111111111111101110000
0000111011111111111101110000
0000110000000000000001000000
