0000000000000000000001000000
0000000100000000000011000000
0000000100000000000001000000
0000000101000000000001000000
0000000110100000000011000000
0000000110000000000001000000
0000011110000000000011100000
0000111111100101101011111000
0000111111111111111111111000
0000111111111111111111111000
0001111111111111111111111100
0001111111111111111111111100
0001111111111111111111111100
0001111111111111111111111100
0001111111111111111111111100
0001111111111111111111111100
0001111111111111111111101100
0011111111111111111111101110
0011111111111111111111111110
0011111011111111111110111100
0011111111111111111110110110
0011111011111111111110111110
0000111011111111111110110000
0000001111111111111111100000
0000001111111111111111100000
0000001111111111111111100000
0000000000000110011111100000
0000000111111111111001100000
