0000000001100000010000000000
0000001111111111111110000000
0000011111111001111111000000
0000011111111111111111000000
0000011111111111111111100000
0000111111111111111111100000
0000111111111111111111100000
0000111111111111111111100000
0000111111111111111111110000
0000111111111111111111110000
0000111111111111111111110000
0000111111111111111111110000
0001111111111111111111110000
0001111111111111111111111000
0001111111111111111101111000
0001111111111111111101111000
0001111111111111111111111000
0001111111111111111111111000
0001111111111111111111111000
0001111111111111111111111000
0001110111111111111111111000
0001110111111111111111111000
0011110111111111111111111000
0011110111111111111110111000
0011110111111111111111111100
0011110111111111111100111100
0011110000000000000000111100
0001110000000000000000010000
