0000000011000000000110000000
0000001111111110111111000000
0000001111101101101011100000
0000011100100101101001110000
0000001111111111111111100000
0000011111111111111111110000
0000111111111111111111111000
0000111111111111111111111000
0000111111111111111111111000
0000111111111111111111111000
0000111111111111111111111000
0000111111111111111111111100
0001111111111111111111111100
0001111111111111111111111100
0001111111111111111111111100
0001111111111111111111111100
0001111111111111111111111100
0001111111111111111111111100
0011111111111111111111111110
0000111111111111111111010000
0000001111111111111111000000
0000001111111111111111000000
0000001111111111111111000000
0000001111111111111111100000
0000001111111111111111100000
0000001111111111111111000000
0000001111111111111111100000
0000000111011111000011000000
