0000000000001001100000000000
0000000000011111000000000000
0000000011111110011100000000
0000001111111101111111000000
0000011111110111111111100000
0000111111111111111111100000
0000111111110111111111110000
0000111111111111110111110000
0000111111111111111111110000
0001111111111111111011010000
0001111111111111111011010000
0001111111111111111011111000
0000011111111111111111100000
0000000111111111111110000000
0000000111111111111110000000
0000000111111111111110000000
0000000111111111111110000000
0000000111111111111110000000
0000000111111111111110000000
0000000111111111111110000000
0000000111111111111110000000
0000000111111111111110000000
0000000111111111111110000000
0000000111111111111110000000
0000000111111111111110000000
0000000011111111111100000000
0000000001111111111000000000
0000000000000110000000000000
