0000000000000000000000000000
0000000000000000000000000000
0010110000100000010011000000
0011111111011111011111111100
0111111111011011011111111100
0111111111011111011111111110
0111111111011111011111111110
0111111111011111011111111110
0111111111011111111111111110
0111110111011111011110111110
1111110111011111011110111110
0000000111011111011111100000
0000000111011111011110000000
0000000111011111011111000000
0000000111011111011110000000
0000000111011111011110000000
0000000111011111011111000000
0000001111011111011111000000
0000001111011111011111000000
0000001111011111011111000000
0000001111011111011111000000
0000101111011111011111100000
0000111111011111011111100000
0000011111011111011111100000
0000011111011111011111100000
0000000000011110010000000000
0000000000000000000000000000
0000000000000000000000000000
