0000000000000000100000000000
0000000000001111100000000000
0000000000011111100000000000
0000000001011111110000000000
0000000111001111100001000000
0000001110110110001100100000
0000011111011111101011110000
0000011101111111110111110000
0000011110111111111111110000
0000011111111111111111110000
0000011111111111111111110000
0000011111111111111111110000
0000011111111111111111111000
0000011111111111111111111000
0000111111111111111111111000
0000111111111111111111111000
0000111111111111111111111000
0000111111111111111111111000
0000111111111111111101111000
0000111101111111111111111000
0000111111111111111111111000
0000111011111111111111111000
0000111011111111111111111000
0000111001111111111111110000
0000111011111111111111110000
0000011011111111111101110000
0000011011111111111111110000
0000000000000010000000000000
