0000000000000000000000000000
0000000001000000000000000000
0000000111111111111110000000
0000011111111111111111000000
0000111111111111111111100000
0000111111111111111111100000
0000111111111111111111100000
0001111111111111111111110000
0001111111111111111111110000
0001111111111111111111110000
0001111111111111111111110000
0001111111111111111111110000
0001111111111111111111111000
0001111111111111111111111000
0011111111111111111011011000
0011111111111111111011011000
0011111111110111011011011000
0011111111110111111111111100
0011111111110111111101111100
0111111111110111111110111100
0111111111110111111101110100
0111111111110111111101110110
0111111111110111111101111110
0111111111110111111101111111
1111111111110111101101111100
0001111111111111111111000000
0000001000000000000010000000
0000000000000000000000000000
