0000000000000101000000000000
0000000000001111000000000000
0000000000111111110000000000
0000000111111111111110000000
0000001111111111111111100000
0000011111111111111111100000
0000011111111111111111100000
0000011111111111111111100000
0000011111111111111111110000
0000011111111111111111110000
0000011111111111111111110000
0000011111111111111111110000
0000011111111111111111110000
0000011111111111111101110000
0000011101111111111101110000
0000011101111111111101110000
0000011001111111111101110000
0000011001111111111101110000
0000011001111111111101110000
0000011001111111111100111000
0000111001111111111100111000
0000111001111111111100111000
0000111001111111111100111000
0000111001111111111100111000
0000111001111111111100111000
0000110001111111111100111000
0000110001111111111000111000
0000000000011111110000000000
