0000000000011101000000000000
0000000000011111100000000000
0000000011111111111100000000
0000001111111111110110000000
0000001111111111110111000000
0000001111111111110111100000
0000011111110110111111100000
0000011111110111011111100000
0000011111111111011111100000
0000011111111111011111110000
0000011111111111011111110000
0000011101111111011111110000
0000011101111011011111110000
0000011101111011011001110000
0000011101111011011101110000
0000111101111011011001110000
0000111101111011011101110000
0000111001111011011101110000
0000111001111011011101110000
0000111011111011011101110000
0000111011111011011100110000
0000111011111011011110111000
0000111011111011011110111000
0000111011111011011110111000
0000111111111011111110111000
0000111011111111111110111000
0000111001111111111100111000
0000011000000000000000010000
