0000000000000000000000000000
0000000000001111110000000000
0000000001111101111000000000
0000000011111111111110000000
0000000111111111111111000000
0000000111111111111111000000
0000000111111111111111000000
0000001111111111111111000000
0000001111111111111111100000
0000001111111111111111100000
0000001111111111111111100000
0000001111111111111111100000
0000001111111111111111100000
0000001111111111111111100000
0000001111111111111111100000
0000001111111111111111100000
0000011111111111111111110000
0000011111111111111111110000
0000011111111111111111110000
0000011111111111111111110000
0000011111111111111111110000
0000011111111111111111110000
0000011111111111111111110000
0000001111111111111111100000
0000011101111111111101110000
0000011101111111111101110000
0000011100011111110001110000
0000000000000000000000000000
