0000000111100000001111000000
0000001110111111111111100000
0000011110001111110011110000
0000011111100000001111110000
0000111111111111111111110000
0000111111111100111011111000
0000011111111100011111110000
0000011011101011011111110000
0000011111111011011111100000
0000000111111011111111100000
0000000011111011111110000000
0000000011111111011110000000
0000000011111111011110000000
0000000011111111111110000000
0000000011111110111110000000
0000000011111111111110000000
0000000011111111111110000000
0000000011111111111110000000
0000000011111111111111000000
0000000011111111111111000000
0000000011111111111111000000
0000000011111111111111000000
0000000111111111111111000000
0000000111111111111111000000
0000000011111111111111000000
0000000011110011111111000000
0000000011111111111110000000
0000000000011111111100000000
