0000000000000000000000000000
0000000001111111100000000000
0000000001111111110000000000
0000000001110000110000000000
0000000001100001110000000000
0000000001110001111000000000
0000000001111110111000000000
0000000011111110111000000000
0000000011111101111000000000
0000000011111101111000000000
0000000011111111111000000000
0000000011111111111000000000
0000000001011111111000000000
0000000011111111110000000000
0000000011011111111000000000
0000000011011111111000000000
0000000011011111111100000000
0000000011111111111100000000
0000000011111111111000000000
0000000011111111111110000000
0000000111111111111110000000
0000000111110111111000000000
0000000111111111110000000000
0000000111110111100000000000
0000000111111111100000000000
0000000011111111000000000000
0000000001111100000000000000
0000000000011000000000000000
