0000000000000000000000000000
0000000011111000001111100000
0000000111111111111111100000
0000000101111111111111100000
0000000111101111111011110000
0000000111111011111111110000
0000001111111111111111110000
0000001111111111111111100000
0000001111101111110111100000
0000001111111111111111110000
0000001111111111011111110000
0000001111111111111111110000
0000001111111101111101110000
0000001111101111110111110000
0000001111111111111111110000
0000001111111111011111110000
0000011111111111111111110000
0000011111011101111111110000
0000011111111111110111110000
0000011111111111111111110000
0000011111111111111111111000
0000011110111111011111111000
0000011111111111111111110000
0000011111111111101111111000
0000011111111111111111111000
0000011111011111001111111000
0000011101111111000111111000
0000011000011111111000110000
