0000000000000000000000000000
0000000000110000000000000000
0000001110111000111000000000
0000111011111111111111100000
0001101111111011111110111000
0001111000101111101001111000
0000001110111011110110111000
0111011001010110100111110100
0101111011110010011000101110
0000011111111111111111111010
0000011111111111111111100000
0000011111111111111111100000
0000011111111111111111100000
0000011111101111011111100000
0000011111111011111111100000
0000011111111111101001100000
0000011111111111101111100000
0000011111111111111111100000
0000011111111111111111100000
0000011111111111111111100000
0000011111111111110111100000
0000011011011110101111100000
0000011111111111111111100000
0000011111101111111111100000
0000111101111110110011100000
0000011111111111111111100000
0000000011111111101100000000
0000000000000000000000000000
