0000000000000000000000000000
0000000111111110011110000000
0000001111001001010111100000
0000011111111001011111100000
0000011111111001111111100000
0000011111111111111111100000
0000011111111111111111110000
0000011111111111111111110000
0000011111111111111111110000
0000111111111111111111110000
0000111001111111111111110000
0000111001111111111111110000
0000111001111111111101111000
0000111001111111111101111000
0000111001111111111100111000
0000111011111111111100111000
0001111011111111111110111000
0001111011111111111110111000
0001111011111111111110111100
0001111011111111111110111100
0011111111111111111111111100
0011111111111111111111111110
0011111111111111111111111110
0011111111111111111111111110
0011111111111111111111111110
0111111111111111111111111110
0011111111111111111111111111
0000000000000000000000111000
