0000000000000000001000000000
0000000111111111111111000000
0000000111111101111111000000
0000000111111111111111000000
0000000111111111111110000000
0000001111111111111111000000
0000111111111111111111111000
0011111111111111111111111100
0011111111111111111111111110
0111111111111111111111111110
0111111111111111111111111110
0101111111111111111110111110
1101110111111111111110011110
1000000111111111111110000111
0000000111111111111110000001
0000000111111111111110000000
0000000111111111111110000000
0000000111111111111110000000
0000000111111111111111000000
0000000111111111111111000000
0000000111111111111111000000
0000000111111111111111000000
0000000111111111111111000000
0000000111111111111111000000
0000001111111111111111100000
0000001111111111111111100000
0000001111111111111111100000
0000000000000100000000000000
