0000000000011111100000000000
0000000000111111111000000000
0000000111110100111110000000
0000001111111011110111000000
0000000111111111111110000000
0000000110111111111110000000
0000000111111010111110000000
0000000011110111111110000000
0000000011111111111110000000
0000000011111111111100000000
0000000011110111111100000000
0000000011101111001100000000
0000000011100111111110000000
0000000011111111111110000000
0000000011111111001110000000
0000000011101111001110000000
0000000011100111011110000000
0000000011011111111110000000
0000000011111111110010000000
0000000011110111011110000000
0000000011101111111111000000
0000000011111111101111000000
0000000111110111101111000000
0000000011110111111111000000
0000000111111111111111000000
0000000111110111111111000000
0000000111110111000110000000
0000000011111111101110000000
