0000000000000000000000000000
0000000011111111111110000000
0000001110111111111111100000
0000001101111001111111100000
0000011111011111110110110000
0000011011011110101111110000
0000011111110110111101111000
0000011111110111110011111000
0000010111110110011111111000
0000010111111111111111111000
0000011111110111100111111000
0000111111111110111111111000
0000110111111110111111111000
0000111111111111110111111000
0000111111110011011111111100
0000111111111111111111110100
0000101111011111111111111100
0001111111111111111111111110
0001111111101111001111111110
0001111111111111110111110110
0011111111101111111111111110
0011111101100111111111111110
0000000111111111011111100011
0000000011011111111111000000
0000000111101100111111100000
0000000111111111111111100000
0000000111111111111111100000
0000000000101111111000000000
