0000000000001111000000000000
0000000000001111100000000000
0000000000111111111000000000
0000000111111111111111000000
0000001111111111111111100000
0000001111111111111111100000
0000011111111111111111100000
0000011111111111111111100000
0000011111111111111111100000
0000011111111111111111110000
0000011111111111111111110000
0000011101111111111011110000
0000011101111111111011110000
0000011101111111111001110000
0000011100111111111001110000
0000111100111111111001110000
0000111100111111111001111000
0000111101111111111101111000
0000111101111111111101111000
0000111101111111111101111000
0000111101111111111101111000
0000111101111111111101110000
0000011001111111111100110000
0000011001111111111100110000
0000011001111111111100110000
0000011001111111111100111000
0000000001111111111100000000
0000000000111111110000000000
