0000000000001111000000000000
0000000000001111000000000000
0000000000111111110000000000
0000000011101111111100000000
0000000111111111111110000000
0000000111111111111110000000
0000000111111111111110000000
0000000111111111111111000000
0000001111111111111111000000
0000001111111111111111000000
0000001111111111111111000000
0000001111111111011111100000
0000011111111111111111100000
0000011111111111111111100000
0000011111111111111111100000
0000011111111111111111100000
0000011111111111111111110000
0000111111111111111111110000
0000111111111111111111110000
0000111111111111111111110000
0000111111111111111111111000
0000111111111111111111111000
0000111111111111111111111000
0001111011111111111110111000
0001111011111111111110111000
0001110011111111111110011100
0001110011111111111100011100
0000000000111111111000000000
