0000000000000000000000000000
0000000000000000000000000000
0000000000000000000000000000
0000000000000000000000000000
0000000000000000000000000000
0000000000000000000000000000
0000000000000000000000000000
0000000000000000000000000000
0000000000000000011000000000
0000000000000001111000000000
0000000000000011111100011100
0000000000001111111110111100
0000000001111111111111111100
0000000001111111111111111110
0000001111111111111111111110
0011111111111111111111111110
1111111111111111111111111110
1111111111111111111111111100
0111111111111100000000000000
0000000000000000001111111111
0000001111111000000010101000
0000000000000000000000000000
0000000000000000000000000000
0000000000000000000000000000
0000000000000000000000000000
0000000000000000000000000000
0000000000000000000000000000
0000000000000000000000000000
