0000000000000000000000000000
0000000000000000000000000000
0000000000000000000000000000
0000000000000000000000000000
0000000000000000000000000000
0000000000000000000000000000
0000000000000000000000000000
0000000000000000000000000000
0000000000000000110000001011
0000000000000011111100011110
0000000000011111111111110100
0000000111111111101111101100
0011111111111111100111101110
1111111111111111111000011110
1111111111110000111111111110
1111111111100001111111111110
1111111111111111011111111110
0111111111111111111111110000
0000111111111111111000000000
0000000011110000000000000000
0000000000000000000000000000
0000000000000000000000000000
0000000000000000000000000000
0000000000000000000000000000
0000000000000000000000000000
0000000000000000000000000000
0000000000000000000000000000
0000000000000000000000000000
