0000000000000000000000000000
0000000000000000000000000000
0000000000000000000000000000
0000000000000000000000000000
0000000000000000000000000000
0000000000000000000000000000
0000000000000000001000000000
0000000000000000011000000000
0000000000000001111100000000
0000000000000011111110000100
0000000000000111111111111100
0000000000001111111111111100
0000000000011111111111111110
0000000001111111111111111110
0000000011111111111111111110
0000111111111111111111111110
0111111101111111111111111110
0111111111111111111111111110
0000111111111111111111111110
0000000000111111111111000000
0000010000000000000000000000
0000000111111111111111110000
0000000000000000000000000000
0000000000000000000000000000
0000000000000000000000000000
0000000000000000000000000000
0000000000000000000000000000
0000000000000000000000000000
