0000000000000000000000000000
0000000000000000000000000000
0000000000000000000000000000
0000000000000000000000000000
0000000000000000000000000000
0000000000000000000000000000
0000000000000000000000000000
0000000000000000000000000000
0000000000000001110000011000
0000000000000011111000111100
0000000000001111111100111100
0000000000111111111111111100
0000000011111111111111111110
0000111111111111111111111110
0111111111111111111111111110
1111111111111111111111111110
1111111111111111110000000000
0011111111011000000000000000
0000000000000000000000011111
0000100111111111111111111000
0000000000000000000000000000
0000000000000000000000000000
0000000000000000000000000000
0000000000000000000000000000
0000000000000000000000000000
0000000000000000000000000000
0000000000000000000000000000
0000000000000000000000000000
