0000000000000000000000000000
0000000000000000000000000000
0000000000000000000000000000
0000000000000000000000000000
0000000000000000000000000000
0000000000000000000000000000
0000000000000000000000000000
0000000000000000000000000000
0000000000000000010000000000
0000000000000111110000000000
0000000000001111111000000000
0000000000111111111000000110
0000000001111111111110011110
0000000011111111111111111110
0000011111111111111111111110
0011111111111001111111111110
0111111111111111111111111110
1111111111111111111111111110
0111111111111111111110000000
0011111111111000000000000110
0000001110000000111111111110
0000000000000000000000000000
0000000000000000000000000000
0000000000000000000000000000
0000000000000000000000000000
0000000000000000000000000000
0000000000000000000000000000
0000000000000000000000000000
