0000000000000000000000000000
0000000000000000000000000000
0000000000000000000000000000
0000000000000000000000000000
0000000000000000000000000000
0000000000000000000000000000
0000000000000000000000000000
0000000000000000001000000000
0000000000000000111100000000
0000000000000001111111111111
0000000000000111111111111111
0000000000001101111111111110
0000000000111011111111111110
0000000010111011111111111110
0000011111110111111111111110
0100111111110111111111111110
0111111111110111111111111111
1100001111111111111111111111
0111100000000001100000000000
0001111111111111111111111110
0000000001111111111111111100
0000000000000000000000000000
0000000000000000000000000000
0000000000000000000000000000
0000000000000000000000000000
0000000000000000000000000000
0000000000000000000000000000
0000000000000000000000000000
