0000000000000000000000000000
0000000000000000000000000000
0000000000000000000000000000
0000000000000000000000000000
0000000000000000000000000000
0000000000000000000000000000
0000000000000000000000000000
0000000000000000000000000000
0000000000000011100000000000
0000000000000111110000000110
0000000000011111111000001110
0000000001111111111100011110
0000000111111111111111111110
0000011111111111111111111110
0111111111111111111111111110
1111111111111111111111111111
0001111111111111111111111111
0110000011111111111111111100
0001111100000000000000000010
0000000111111111111111111110
0000000000000000000000000000
0000000000000000000000000000
0000000000000000000000000000
0000000000000000000000000000
0000000000000000000000000000
0000000000000000000000000000
0000000000000000000000000000
0000000000000000000000000000
