0000000000000000000000000000
0000000000000000000000000000
0000000000000000000000000000
0000000000000000000000000000
0000000000000000000000000000
0000000000000000000000000000
0000000000000000000000000000
0000000000000000000000000000
0000000000000000000000000100
0000000000000000111000001100
0000000000000011111100001000
0000000000001111111111011110
0000000001111111101111111110
0000111111111111101111111111
0011111111111001101111111111
0111111111111100101111111111
0111111111111110001110000000
0000000001111001111000111111
0111111110000111111111111111
0000000111111111111111000000
0000000000000000000000000000
0000000000000000000000000000
0000000000000000000000000000
0000000000000000000000000000
0000000000000000000000000000
0000000000000000000000000000
0000000000000000000000000000
0000000000000000000000000000
