0000000000000000000000000000
0000000000000000000000000000
0000000000000000000000000000
0000000000000000000000000000
0000000000000000000000000000
0000000000000000000000000000
0000000000000000001000000000
0000000000000000111100000000
0000000000000001111111000000
0000000000000001111111110000
0000000000000011111111111000
0000000000000111111111111110
0000000000001111111111111110
0000000000001111111111111110
0000000000111111111111111110
0000000011111111111111111110
0000000111111111111111111110
0111111111111111111111111110
1111111111111111111111111110
0011111111111111111111111110
0000000000000000000001000010
0000111101111111111111111111
0000000000000000000000000000
0000000000000000000000000000
0000000000000000000000000000
0000000000000000000000000000
0000000000000000000000000000
0000000000000000000000000000
