0000000000000000000000000000
0000000000000000000000000000
0000000000000000000000000000
0000000000000000000000000000
0000000000000000000000000000
0000000000000000000000000000
0000000000000000000000000000
0000000000000000000000000000
0000000000000011000000000100
0000000000000111100000001100
0000000000001111110000011110
0000000000011111111100111110
0000000001111111111111111110
0000000111111111111111111111
0001111111111111111111111111
0111110001111111111111110011
1111111111111111111111001000
1111111111111110000000110000
0111111111110000000000000000
0000000000000000010011111100
0000000000000000000000000000
0000000000000000000000000000
0000000000000000000000000000
0000000000000000000000000000
0000000000000000000000000000
0000000000000000000000000000
0000000000000000000000000000
0000000000000000000000000000
