0000000000000000000000000000
0000000000000000000000000000
0000000000000000000000000000
0000000000000000000000000000
0000000000000000000000000000
0000000000000000000000000000
0000000000000000000000000000
0000000000000000000000000000
0000000000000000000000000000
0000000000000000111000000000
0000000000000111111100000010
0000000000111111111110001110
0000000001111111111111111111
0011111111111111111111111111
0111111111111111111111111111
0111111111111111111111111111
1111111111111111111111111111
0111111111111111111111111111
0001111111111111111111101111
0000000010000000000101101110
0000000000000000000000000000
0000000000000000000000000000
0000000000000000000000000000
0000000000000000000000000000
0000000000000000000000000000
0000000000000000000000000000
0000000000000000000000000000
0000000000000000000000000000
