0000000000000000000000000000
0000000000000000000000000000
0000000000000000000000000000
0000000000000000000000000000
0000000000000000000000000000
0000000000000000000000000000
0000000000000000000000000000
0000000000000000000000000000
0000000000000011000000000000
0000000000000111000000000000
0000000000111111110000000000
0000000001111111111000000111
0000000011111111111100001111
0000000011111111111111111111
0000001111111111111111111111
0011111111111111111111111111
0111111111111111111111111111
0011111111111111111111111111
0000000000000000000000000000
0011110000010111111111111110
0000000010000000000000000000
0000000000000000000000000000
0000000000000000000000000000
0000000000000000000000000000
0000000000000000000000000000
0000000000000000000000000000
0000000000000000000000000000
0000000000000000000000000000
