0000000000000000000000000000
0000000000000000000000000000
0000000000000000000000000000
0000000000000000000000000000
0000000000000000000000000000
0000000000000000000000000000
0000000000000000000000000000
0000000000000000000000000000
0000000000000000000000000000
0000000000000000110000000000
0000000000000011111000000000
0000000000011111111100000010
0000000011111111111111111110
0001111111111111111111111111
0111111111111111111111111111
0111000111111111111111111111
0111111111111111111111111111
0011111111111111111111111111
0000111111111111111111111111
0000000000011100000000011110
0000000000000000000000000000
0000000000000000000000000000
0000000000000000000000000000
0000000000000000000000000000
0000000000000000000000000000
0000000000000000000000000000
0000000000000000000000000000
0000000000000000000000000000
