0000000000000000000000000000
0000000000000000000000000000
0000000000000000000000000000
0000000000000000000000000000
0000000000000000000000000000
0000000000000000000000000000
0000000000000000000000000000
0000000000000000000000000000
0000000000000000000000000000
0000000000000000110000000000
0000000000000011110000000000
0000000000001111111100000110
0000000001111101111111111110
0000011111111110111111111011
0011111111100110000100000111
1111111111110111001100111111
0111111111110011001111111111
0000001111111011001111111111
0000000011111111111111111111
0000000000111111100111111000
0000000000000000000000000000
0000000000000000000000000000
0000000000000000000000000000
0000000000000000000000000000
0000000000000000000000000000
0000000000000000000000000000
0000000000000000000000000000
0000000000000000000000000000
