0000000000000000000000000000
0000000000000000000000000000
0000000000000000000000000000
0000000000000000000000000000
0000000000000000000000000000
0000000000000000000000000000
0000000000000000110000000000
0000000000000001111000000000
0000000000000001111100001000
0000000000000011111111111100
0000000000000111111111111100
0000000000011111111111111100
0000000001111111111111111100
0000000011111111111111111110
0000011111101111111111111110
0111111111101111111111111110
1111111111111111111111111110
1111111111111111111111111110
0111111111111111111111111110
0011001111111100000011111110
0001111000000011111111111110
0000001111111111001101111000
0000000000000000000000000000
0000000000000000000000000000
0000000000000000000000000000
0000000000000000000000000000
0000000000000000000000000000
0000000000000000000000000000
