0000000000000000000000000000
0000000000000000000000000000
0000000000000000000000000000
0000000000000000000000000000
0000000000000000000000000000
0000000000000000000000000000
0000000000000000000000000000
0000000000000000000000000000
0000000000000011100000011100
0000000000000011111100111100
0000000000000011111111111000
0000000000000111111111111000
0000000000001111111111111000
0000000000011111111111111100
0000000001111111111111111100
0000000111111111111111111110
0101111111111111111111111110
0111111111111111111111100000
0000011111111111111111000000
0000000111111111111111000000
0000000000000000000000000000
0000000000000000000000000000
0000000000000000000000000000
0000000000000000000000000000
0000000000000000000000000000
0000000000000000000000000000
0000000000000000000000000000
0000000000000000000000000000
