0000000000000000000000000000
0000000000000000000000000000
0000000000000000000000000000
0000000000000000000000000000
0000000000000000000000000000
0000000000000000000000000000
0000000000000000000000000000
0000000000000000000000000000
0000000000000010010000000000
0000000000000000000000000000
0000000000000000010000000000
0000000000000011111000000010
0000000000001011111100001110
0000000001111111111111111111
0000011111111111011111111111
0011111111111111000111111111
1111111111111111111110001111
1111111111111111110000000010
0111111111111000001000000000
0000000000000011111111110110
0000000000010110000000000100
0000000000000000000000000000
0000000000000000000000000000
0000000000000000000000000000
0000000000000000000000000000
0000000000000000000000000000
0000000000000000000000000000
0000000000000000000000000000
