0000000000000000000000000000
0000000000000000000000000000
0000000000000000000000000000
0000000000000000000000000000
0000000000000000000000000000
0000000000000000000000000000
0000000000000000000000000000
0000000000000000000000000000
0000000000000000010000000000
0000000000000000111000000000
0000000000000111111000001100
0000000000011111110000001100
0000000001111111111000000100
0000000011111111111111111110
0000011111111111111111111110
0011111111111111111111111110
0111111111111111111111111110
1111111111111111111111111110
0111111111111111111111111100
0000111111100000000000000010
0000110101111111111111111110
0000000000000000000000000000
0000000000000000000000000000
0000000000000000000000000000
0000000000000000000000000000
0000000000000000000000000000
0000000000000000000000000000
0000000000000000000000000000
