0000000000000000000000000000
0000000000000000000000000000
0000000000000000000000000000
0000000000000000000000000000
0000000000000000000000000000
0000000000000000000000000000
0000000000000000000000000000
0000000000000000000000000000
0000000000000000000100000000
0000000000000000111110000000
0000000000001011111110000110
0000000000011111111111101111
0000000001111111111111111111
0000000111111011111111111111
0000001111111111111111111111
0011111111111111111111111111
1101111111111111111111111111
1111111111111111111111111110
0111111111111111111111100000
0111111111111111111111111111
0001111111111111111111111111
0000000000000000000000000000
0000000000000000000000000000
0000000000000000000000000000
0000000000000000000000000000
0000000000000000000000000000
0000000000000000000000000000
0000000000000000000000000000
