0000000000000000000000000000
0000000000000000000000000000
0000000000000000000000000000
0000000000000000000000000000
0000000000000000000000000000
0000000000000000000000000000
0000000000000000000000000000
0000000000000001101100001000
0000000000000111111100011000
0000000000011110111110010000
0000000001111100111111111000
0000000011111111111111111110
0000001111111111110111111110
0011111111111111110111111110
0111111111111101110111111110
1111101111111100110111111110
1111111111111110010111111111
0111111111111111000011111110
0011000111111111100111111100
0000111000000000000000000010
0000001111111111111111111110
0000000000111111111111100000
0000000000000000000000000000
0000000000000000000000000000
0000000000000000000000000000
0000000000000000000000000000
0000000000000000000000000000
0000000000000000000000000000
