0000000000000000000000000000
0000000000000000000000000000
0000000000000000000000000000
0000000000000000000000000000
0000000000000000000000000000
0000000000000000000000000000
0000000000000000000000000000
0000000000000000000000000000
0000000000000000010000000000
0000000000000000111000000000
0000000000000001111111101110
0000000000000111111111111110
0000000000001111111111111110
0000000001111111111111111111
0000000001111111111111111111
0000111111111111111011111110
0111111011111011111101111111
0000011111111111111111111111
0000000000000000110010000000
0000000000000000000000000000
0000000000000000000000000000
0000000000000000000000000000
0000000000000000000000000000
0000000000000000000000000000
0000000000000000000000000000
0000000000000000000000000000
0000000000000000000000000000
0000000000000000000000000000
