0000000000000000000000000000
0000000000000000000000000000
0000000000000000000000000000
0000000000000000000000000000
0000000000000000000000000000
0000000000000000000000000000
0000000000000000000000000000
0000000000000000000000000000
0000000000000000100000000000
0000000000000011110000000000
0000000000000111110000000000
0000000000111111111000000110
0000000001111111111111111111
0000001111111111111111111111
0111111111111111111111111111
0111111111111111111111111111
0000011111111111111111000000
0110000000000000000000000000
0000111111011111111111111000
0000000000011111111000000000
0000000000000000000000000000
0000000000000000000000000000
0000000000000000000000000000
0000000000000000000000000000
0000000000000000000000000000
0000000000000000000000000000
0000000000000000000000000000
0000000000000000000000000000
