0000000000000000000000000000
0000000000000000000000000000
0000000000000000000000000000
0000000000000000000000000000
0000000000000000000000000000
0000000000000000000000000000
0000000000000000000000000000
0000000000000000000000000000
0000000000000000001000000010
0000000000000011011000000010
0000000000000111111100000110
0000000000001111111111000111
0000000000111111011111111111
0000000111111111111111111111
0011111111111111111111111111
1100001111111111111111111111
1111111110011111111111111111
0111111111111111111111111110
0011111111111111000000000001
0000111111111111111111111111
0000000001111111111111111110
0000000000000000000000000000
0000000000000000000000000000
0000000000000000000000000000
0000000000000000000000000000
0000000000000000000000000000
0000000000000000000000000000
0000000000000000000000000000
