0000000000000000000000000000
0000000000000000000000000000
0000000000000000000000000000
0000000000000000000000000000
0000000000000000000000000000
0000000000000000000000000000
0000000000000000000000000000
0000000000000000000000000000
0000000000000000001100000000
0000000000000000011100010000
0000000000000001111100011000
0000000000000111111100011000
0000000000011111111110110000
0000000001111111111111100100
0000000111111111101111111100
0111111111111110110111111100
1111111111111011011011111110
1111111111111101101101111100
0111111111111100000110000000
0111000000000000001000111111
0000111111111111111111111100
0000000000000000000000000000
0000000000000000000000000000
0000000000000000000000000000
0000000000000000000000000000
0000000000000000000000000000
0000000000000000000000000000
0000000000000000000000000000
