0000000000000000000000000000
0000000000000000000000000000
0000000000000000000000000000
0000000000000000000000000000
0000000000000000000000000000
0000000000000000000000000000
0000000000000000000000000110
0000000000000000110000001100
0000000000000001111111111100
0000000000000001111111111100
0000000000000011111111111100
0000000000000111111111111100
0000000000111111111111111110
0000000011111111111111111110
0111111111111111111111111110
0111111111111110111111111110
1111111111111111111111111110
0111111111111111111111111110
0001111111111111111111111110
0000001111111100000000000000
0000100000000000000000000011
0000001011111100001111111100
0000000000000000000000000000
0000000000000000000000000000
0000000000000000000000000000
0000000000000000000000000000
0000000000000000000000000000
0000000000000000000000000000
