0000000000000000000000000000
0000000000000000000000000000
0000000000000000000000000000
0000000000000000000000000000
0000000000000000000000000000
0000000000000000000000000000
0000000000000000000000000000
0000000000000000110000000000
0000000000000001110000000000
0000000000000111110000000011
0000000000001111110000000111
0000000000011111111100001110
0000000011111111111111111110
0000000111111111111111111110
0111111111111111111111111111
1111111111111111111111111111
0111111111111111111111111111
0011111111111111111111111110
0000001111111100000000000000
0000000000000000111100000011
0000000000000000000000001110
0000000000000000000000000000
0000000000000000000000000000
0000000000000000000000000000
0000000000000000000000000000
0000000000000000000000000000
0000000000000000000000000000
0000000000000000000000000000
