0000000000000000000000000000
0000000000000000000000000000
0000000000000000000000000000
0000000000000000000000000000
0000000000000000000000000000
0000000000000000000000000000
0000000000000000000000000000
0000000000000000000000000000
0000000000000000010000000000
0000000000000001111000001100
0000000000000111111000011110
0000000000011111111000011110
0000000001111111111111111110
0000000111111111111111111111
0000011111111111111111111111
0011111111111111111111111111
1111111111111111111111111111
1111111111111111111111111110
0111111111111111111111111100
0011111111111100000001111011
0000011111111111111111111110
0000000000000000000000000000
0000000000000000000000000000
0000000000000000000000000000
0000000000000000000000000000
0000000000000000000000000000
0000000000000000000000000000
0000000000000000000000000000
