0000000000000000000000000000
0000000000000000000000000000
0000000000000000000000000000
0000000000000000000000000000
0000000000000000000000000000
0000000000000000000000000000
0000000000000000110000000000
0000000000000000110000000000
0000000000000001110000000000
0000000000000011110000110000
0000000000001111111000111000
0000000000111111111111111100
0000000011111111111111111100
0000011111111111111111111100
0011111111111111111111111100
0111110001111111111111111100
1111110111111111111011110110
1111111111111011100000000010
0111111100000000000011111110
0011111111111111111000000111
0000111111111111111111111110
0000000000000000000000000000
0000000000000000000000000000
0000000000000000000000000000
0000000000000000000000000000
0000000000000000000000000000
0000000000000000000000000000
0000000000000000000000000000
