0000000000000000000000000000
0000000000000000000000000000
0000000000000000000000000000
0000000000000000000000000000
0000000000000000000000000000
0000000000000000000000000000
0000000000000000000000000000
0000000000000000000000000000
0000000000000000000000000110
0000000000000011000000000110
0000000000000111110000111110
0000000000001111111111111100
0000000000011111111111111110
0110100111111111111111111110
0111111111111111111111111110
1111111111111111111111111110
1111111111111111111111111111
0111111111111111111111111111
0011111111111111111111111111
0000111111111110011111111110
0000001011111000000000000000
0000000000000000000000000000
0000000000000000000000000000
0000000000000000000000000000
0000000000000000000000000000
0000000000000000000000000000
0000000000000000000000000000
0000000000000000000000000000
