0000000000000000000000000000
0000000000000000000000000000
0000000000000000000000000000
0000000000000000000000000000
0000000000000000000000000000
0000000000000000000000000000
0000000000000000000000000000
0000000000000000010000000000
0000000000000001110000000000
0000000000000011110000000100
0000000000000111110000001110
0000000000011111111100111110
0000000001111111111111111110
0000000011111111111111111111
0000111111111111111111111111
0111111111111111111111111111
1111111111111111111111111111
1111111111111111101111111111
0110111111000000000111111111
0011110000000000000000000000
0000111111111100000011111111
0000000000000000000000000000
0000000000000000000000000000
0000000000000000000000000000
0000000000000000000000000000
0000000000000000000000000000
0000000000000000000000000000
0000000000000000000000000000
