0000000000000000000000000000
0000000000000000000000000000
0000000000000000000000000000
0000000000000000000000000000
0000000000000000000000000000
0000000000000000000000000000
0000000000000000000000000000
0000000000000000000000000000
0000000000000001100000000000
0000000000000111110000000000
0000000000001111110000000100
0000000000111101111100011100
0000000011110111111111111110
0000000111011111111111111110
0000011110011001111111111110
0011111111011111111111111110
1111111111111111111111111111
1111111111111111111111111110
0000000000001111111111111111
0010000000011111111111111111
0000000000000000000000000000
0000000000000000000000000000
0000000000000000000000000000
0000000000000000000000000000
0000000000000000000000000000
0000000000000000000000000000
0000000000000000000000000000
0000000000000000000000000000
