0000000000000000000000000000
0000000000000000000000000000
0000000000000000000000000000
0000000000000000000000000000
0000000000000000000000000000
0000000000000000000000000000
0000000000000000000000000000
0000000000000000100000000000
0000000000000011110000000000
0000000000000111110000000000
0000000000001111111000001110
0000000000111111111110011110
0000000001111111111111111111
0000000011111111111111111111
0000001111111111111111111111
0011111111111111111111111111
0111111111111111111111111111
1111111111111111111111111010
0001111111111111111111000000
0000000000111111100010011111
0000011100000000000000111100
0000000000000000000000000000
0000000000000000000000000000
0000000000000000000000000000
0000000000000000000000000000
0000000000000000000000000000
0000000000000000000000000000
0000000000000000000000000000
