0000000000000000000000000000
0000000000000000000000000000
0000000000000000000000000000
0000000000000000000000000000
0000000000000000000000000000
0000000000000000000000000000
0000000000000000000000000000
0000000000000000110000000000
0000000000000001111000000000
0000000000000011111000001100
0000000000000111111100011100
0000000000011111111111111110
0000000001111111111111111110
0000000011111111111111111110
0000001111111111111111111110
0011111111111111111111111110
0111111111111111111111111110
1111111111111111111111111000
1111111111111110111111111100
0000000000000000111101111000
0011010000011001111111111101
0000010110100100001011001100
0000000000000000000000000000
0000000000000000000000000000
0000000000000000000000000000
0000000000000000000000000000
0000000000000000000000000000
0000000000000000000000000000
