0000000000000000000000000000
0000000000000000000000000000
0000000000000000000000000000
0000000000000000000000000000
0000000000000000000000000000
0000000000000000000000000000
0000000000000000000000000000
0000000000000000000000000000
0000000000000001110000000000
0000000000000111111000000000
0000000011111011111000000110
0000000111111111111001111110
0000000111111111111111111110
0000000111111111111111111110
0111111111111111111111111110
0111011111111111111111111110
1111111111111111111111111110
0111111111111111111111111111
0011111111111111111111111111
0000001111111111111111111110
0000000000000000000000000000
0000000000000000000000000000
0000000000000000000000000000
0000000000000000000000000000
0000000000000000000000000000
0000000000000000000000000000
0000000000000000000000000000
0000000000000000000000000000
