0000000000000000000000000000
0000000000000000000000000000
0000000000000000000000000000
0000000000000000000000000000
0000000000000000000000000000
0000000000000000000000000000
0000000000000000000000000000
0000000000000000000000000000
0000000000000000000000000000
0000000000000000101000000000
0000000000000000111000000100
0000000000000001111000001100
0000000000011111111110110010
0000001001111110011011100110
0000001111110001011111111110
0111000111111111101111111110
1111111000111110101111111110
1111111111111111011111111110
0110111111111111111111111110
0011100000000000000000000000
0000111111111111111111111111
0000000000000000000000000000
0000000000000000000000000000
0000000000000000000000000000
0000000000000000000000000000
0000000000000000000000000000
0000000000000000000000000000
0000000000000000000000000000
