0000000000000000000000000000
0000000000000000000000000000
0000000000000000000000000000
0000000000000000000000000000
0000000000000000000000000000
0000000000000000000000000000
0000000000000000000000000000
0000000000000000000000000000
0000000000000000011000000000
0000000000000000111100000000
0000000000000011111100000000
0000000000000111111100000110
0000000000011111111111111110
0000000001111111111111111110
0000000111111111111111111110
0000111110111111111111111111
1111111111111111111111111111
1111111111111111100000000000
0000000000000000000000000100
0100000001111111111111111110
0000000001100000000000000000
0000000000000000000000000000
0000000000000000000000000000
0000000000000000000000000000
0000000000000000000000000000
0000000000000000000000000000
0000000000000000000000000000
0000000000000000000000000000
