0000000000000000000000000000
0000000000000000000000000000
0000000000000000000000000000
0000000000000000000000000000
0000000000000000000000000000
0000000000000000000000000000
0000000000000000000000000000
0000000000000000001000000000
0000000000000001001000011000
0000000000000111101100110000
0000000000011111111111100000
0000000001111111111110011100
0000000011111111111111111100
0000000111111110111111100000
0000000111111111011110011100
0111101011111100111101111100
1111111111111111111101000000
1111111111111111100000000000
0111111110000000000000000001
0011111010011111111111111111
0000011111111111111111110000
0000000000000000000000000000
0000000000000000000000000000
0000000000000000000000000000
0000000000000000000000000000
0000000000000000000000000000
0000000000000000000000000000
0000000000000000000000000000
