0000000000000000000000000000
0000000000000000000000000000
0000000000000000000000000000
0000000000000000000000000000
0000000000000000000000000000
0000000000000000000000000000
0000000000000000000000000000
0000000000000000000000000000
0000000000000000110000000000
0000000000000001110000000010
0000000000000011110000111010
0000000000001111111000111100
0000000000111111111111111100
0000000001111111111111111100
0000001111111111111111111110
0001111111111111111111111110
0111111111111111111111111110
1111111111111111111111111111
1111111111111111111111111111
0111111111111111111111111111
0000011111111100101111110000
0000000000000000000000000000
0000000000000000000000000000
0000000000000000000000000000
0000000000000000000000000000
0000000000000000000000000000
0000000000000000000000000000
0000000000000000000000000000
