0000000000000000000000000000
0000000000000000000000000000
0000000000000000000000000000
0000000000000000000000000000
0000000000000000000000000000
0000000000000000000000000000
0000000000000000000000000000
0000000000000000000000000000
0000000000000000000000000000
0000000000000000110000000110
0000000000000011110000001110
0000000001111111111101111110
0000000111111111111111111110
0000111111111111111111111111
0111111111111111111111111111
0011111111111111111111111111
0000000111111111111111111110
0011100000000000000000000000
0000000010111001000011000010
0000000000000000000000000000
0000000000000000000000000000
0000000000000000000000000000
0000000000000000000000000000
0000000000000000000000000000
0000000000000000000000000000
0000000000000000000000000000
0000000000000000000000000000
0000000000000000000000000000
