0000000000000000000000000000
0000000000000000000000000000
0000000000000000000000000000
0000000000000000000000000000
0000000000000000000000000000
0000000000000000000000000000
0000000000000000000000000000
0000000000000000000000000000
0000000000000000110000000000
0000000000000011111000000000
0000000000000111110000111000
0000000000001111111001111100
0000000000111111111111111100
0000000011111111111111111100
0000001111111111111111111110
0111111111111111111111111110
1111111111111111111111111110
1111111111111111111111111110
0111111111111111111111111111
0001111111111111111111111110
0000001010111000000101111100
0000000000000000000000000000
0000000000000000000000000000
0000000000000000000000000000
0000000000000000000000000000
0000000000000000000000000000
0000000000000000000000000000
0000000000000000000000000000
