0000000000000000000000000000
0000000000000000000000000000
0000000000000000000000000000
0000000000000000000000000000
0000000000000000000000000000
0000000000000000000000000000
0000000000000000000000000000
0000000000000000000000000000
0000000000000000011000000000
0000000000000001111000011111
0000000000000111111100111101
0000000000111111111111111110
0000000011111111111111111110
0000001111111111111111111110
0111111111111111111111111110
1111111111111111111111111110
1111111111111111111111111110
1111111111111111111111111111
0111011111111100000000000001
0011111111100111111111111111
0000011111111111111111111100
0000000000000000000000000000
0000000000000000000000000000
0000000000000000000000000000
0000000000000000000000000000
0000000000000000000000000000
0000000000000000000000000000
0000000000000000000000000000
