0000000000000000000000000000
0000000000000000000000000000
0000000000000000000000000000
0000000000000000000000000000
0000000000000000000000000000
0000000000000000000000000000
0000000000000000000000000000
0000000000000000000000000000
0000000000000000000000000000
0000000000000001100000011001
0000000000000111100000111101
0000000000111111111000111100
0000000111111111111111111110
0000011111111111111111111110
0011111111111111111111111110
1111111111111111111111111110
1111111111111111111111111110
0111111111111110000000000000
0000000000000000000000001110
0000001111111111111111111110
0000000000000000000000000000
0000000000000000000000000000
0000000000000000000000000000
0000000000000000000000000000
0000000000000000000000000000
0000000000000000000000000000
0000000000000000000000000000
0000000000000000000000000000
