0000000000000000000000000000
0000000000000000000000000000
0000000000000000000000000000
0000000000000000000000000000
0000000000000000000000000000
0000000000000000000000000000
0000000000000000000000000000
0000000000000000000000000000
0000000000000000110000000000
0000000000000001111000000010
0000000000000111111100000110
0000000000111111111111110111
0000000011111111111111111111
0000001111111111111111111111
0011111111111111111111111111
0111111111111111111111111111
1111111111111111111111111111
0111111111111111111111111111
0001111111111111111111111111
0000001111111111111111111110
0000000000000000000000000000
0000000000000000000000000000
0000000000000000000000000000
0000000000000000000000000000
0000000000000000000000000000
0000000000000000000000000000
0000000000000000000000000000
0000000000000000000000000000
