0000000000000000000000000000
0000000000000000000000000000
0000000000000000000000000000
0000000000000000000000000000
0000000000000000000000000000
0000000000000000000000000000
0000000000000000000000000000
0000000000000000000000000000
0000000000000000001000000000
0000000000000001111100000111
0000000000000011111100001111
0000000000011111111110001110
0000000001111111111111111110
0000001011111111111111111110
0001111111111111111111111111
1111111111111111111111111111
1011111111111111111111111111
1111110111111111111111111111
0111111111111111111111111111
0000001111111111111111111110
0000000000000000000000000000
0000000000000000000000000000
0000000000000000000000000000
0000000000000000000000000000
0000000000000000000000000000
0000000000000000000000000000
0000000000000000000000000000
0000000000000000000000000000
