0000000000000000000000000000
0000000000000000000000000000
0000000000000000000000000000
0000000000000000000000000000
0000000000000000000000000000
0000000000000000000000000000
0000000000000000011000000000
0000000000000000011110000000
0000000000000001111111000000
0000000000000011111111111110
0000000000000011111111111110
0000000000000101111111111100
0000000000000111111111111100
0000000000001111111111111110
0000000011111111111111111110
0000001111111111111111111110
0011111111111111111111111110
0111111111111111111111111110
0111111111111111111111111111
0111110001011000110111111111
0011111111111111111111111110
0000000000011001000000000000
0000000000000000000000000000
0000000000000000000000000000
0000000000000000000000000000
0000000000000000000000000000
0000000000000000000000000000
0000000000000000000000000000
