0000000000000000000000000000
0000000000000000000000000000
0000000000000000000000000000
0000000000000000000000000000
0000000000000000000000000000
0000000000000000000000000000
0000000000000000000000000000
0000000000000000000000000000
0000000000000000111000000000
0000000000000011111111000000
0000000000000011111111111110
0000000000001111111111111110
0000000001111111111111111110
0000011111111111111111111110
0111111111111111111111111110
1111111111111111111111111111
1111111111111111111111111111
0111111111111111111111111110
0001111111111000001100011000
0000000111111111011111111000
0000000000000000000000000000
0000000000000000000000000000
0000000000000000000000000000
0000000000000000000000000000
0000000000000000000000000000
0000000000000000000000000000
0000000000000000000000000000
0000000000000000000000000000
