0000000000000000000000000000
0000000000000000000000000000
0000000000000000000000000000
0000000000000000000000000000
0000000000000000000000000000
0000000000000000000000000000
0000000000000000001000000000
0000000000000000011111000000
0000000000000000000011111100
0000000000000000011111111100
0000000000000000011111111100
0000000000000000001111111100
0000000000000001111111111100
0000000000000000011111111100
0000000000000001111111111110
0000000000001101111111111110
0000000001101111111111111110
0000011100111111111111111111
0000111111111111111111111111
0000000111111111111111111111
0111000000000000000000000000
0000111111111111111111111111
0000000000001111111110000000
0000000000000000000000000000
0000000000000000000000000000
0000000000000000000000000000
0000000000000000000000000000
0000000000000000000000000000
