0000000000000000000000000000
0000000000000000000000000000
0000000000000000000000000000
0000000000000000000000000000
0000000000000000000000000000
0000000000000000000000000000
0000000000000000100000000000
0000000000000001100000000000
0000000000000001011000000000
0000000000000010111100000100
0000000000000011111000001110
0000000000001111111000001110
0000000000011111111111011011
0000000000110111111111111111
0000001111111111111111001111
0000011111111111111110111100
0111111011011111111011111111
1111100111111111111011111010
1011111111111100000000000110
1100011110000000000000000000
0111110000111111111111111111
0000111111111110001111111110
0000000000000000000000000000
0000000000000000000000000000
0000000000000000000000000000
0000000000000000000000000000
0000000000000000000000000000
0000000000000000000000000000
