0000000000000000000000000000
0000000000000000000000000000
0000000000000000000000000000
0000000000000000000000000000
0000000000000000000000000000
0000000000000000000000000000
0000000000000000000000000000
0000000000000001100000000000
0000000000000001100000000000
0000000000000011100000111000
0000000000000111111001111000
0000000000001111111111111100
0000000000011111111111111100
0000000011111111111111111110
0111111111111111111111111110
1111111111111111111111111110
1111111111111111111111111110
0111111111111111111111110000
0000011111111111000000000001
0001100000000000000010101110
0000001011111010101000111000
0000000000000000000000000000
0000000000000000000000000000
0000000000000000000000000000
0000000000000000000000000000
0000000000000000000000000000
0000000000000000000000000000
0000000000000000000000000000
