0000000000000000000000000000
0000000000000000000000000000
0000000000000000000000000000
0000000000000000000000000000
0000000000000000000000000000
0000000000000000000000000000
0000000000000000000000000000
0000000000000000000000000000
0000000000000000000000000000
0000000000000000110000011100
0000000000001111110000011110
0000000000011111110000111110
0000000000111111111111111110
0000000011111111111111111110
0000011111111111111111111110
0011111111111111111111111110
0111111111111111111110000000
0111111111111111111111111110
0011111111111111111111111111
0001111111111111110001111111
0000000111111100011110011000
0000000000000000000000000000
0000000000000000000000000000
0000000000000000000000000000
0000000000000000000000000000
0000000000000000000000000000
0000000000000000000000000000
0000000000000000000000000000
