0000000000000000000000000000
0000000000000000000000000000
0000000000000000000000000000
0000000000000000000000000000
0000000000000000000000000000
0000000000000000000000000000
0000000000000000111110000000
0000000000000001111111111001
0000000000000001111111111111
0000000000000001111111111110
0000000000000011111111111110
0000000000000111101111111110
0000000000011111111111111110
0000000000111111111111111110
0000000011111111111111111110
0000001111111101111111111110
0111111111111101111111111110
1111111111110011111111111110
1111110001111111111111111110
0111111111111111111111111110
0111111111111111111111111110
0001111111111111111111111100
0000000111111100000000000000
0000000000000000000000000000
0000000000000000000000000000
0000000000000000000000000000
0000000000000000000000000000
0000000000000000000000000000
