0000000000000000000000000000
0000000000000000000000000000
0000000000000000000000000000
0000000000000000000000000000
0000000000000000000000000000
0000000000000000000000000000
0000000000000000000000000000
0000000000000000000000000000
0000000000000000100000000000
0000000000000001110000000110
0000000000000011110000000110
0000000000000111110000011110
0000000000011111111111111110
0000000111111111111111111111
0000011111111111111111111111
0111111111111111111111111111
1111111111111111111111111111
1111111111111111111111111111
0111111111111111111111111111
0001111111111111111111111111
0000000111111111111111111110
0000000000000000000000000000
0000000000000000000000000000
0000000000000000000000000000
0000000000000000000000000000
0000000000000000000000000000
0000000000000000000000000000
0000000000000000000000000000
