0000000000000000000000000000
0000000000000000000000000000
0000000000000000000000000000
0000000000000000000000000000
0000000000000000000000000000
0000000000000000000000000000
0000000000000000000000000000
0000000000000000000000000000
0000000000000000000000000000
0000000000000001111000000110
0000000000000110110000001110
0000000000011001001011101110
0000000001101111101111111010
0000000111101111110111111110
0110000011110111111111111110
1001111111111011111111111110
1101110111111111101111000110
0111111111111111111111111111
0001111111111111111111111111
0000011111111111111111111100
0000000000000000000000000000
0000000000000000000000000000
0000000000000000000000000000
0000000000000000000000000000
0000000000000000000000000000
0000000000000000000000000000
0000000000000000000000000000
0000000000000000000000000000
