0000000000000000000000000000
0000000000000000000000000000
0000000000000000000000000000
0000000000000000000000000000
0000000000000000000000000000
0000000000000000000000000000
0000000000000000010000000000
0000000000000000111000000011
0000000000000111111111011110
0000000000000111111111111100
0000000000001111111111111100
0000000000111111111111111100
0000000000011111111111111100
0000000001111111111111111100
0000000111111111111111111100
0011111111111111111111101110
0111111111111111111111111110
0111111111111111111111111110
0111111111111111111111111110
1111111111111111111111111110
0111111111111111111111011110
0001111111111111111111111110
0000000001110000000000000000
0000000000000000000000000000
0000000000000000000000000000
0000000000000000000000000000
0000000000000000000000000000
0000000000000000000000000000
