0000000000000000000000000000
0000000000000000000000000000
0000000000000000000000000000
0000000000000000000000000000
0000000000000000000000000000
0000000000000000000000000000
0000000000000000000000000000
0000000000000000000000000000
0000000000000000000000000000
0000000000000001110000000000
0000000000000111110000000010
0000000000011111110000011111
0000000001111011111111111011
0000000011111101111000011111
0000001111010110101111111111
0111111111001110011111111111
0111111110111011011111111111
0000111100110111101111111110
0110000000000000000000000000
0000001110111010101111111110
0000000000000000000000000000
0000000000000000000000000000
0000000000000000000000000000
0000000000000000000000000000
0000000000000000000000000000
0000000000000000000000000000
0000000000000000000000000000
0000000000000000000000000000
