0000000000000000000000000000
0000000000000000000000000000
0000000000000000000000000000
0000000000000000000000000000
0000000000000000000000000000
0000000000000000000000000000
0000000000000000000000000000
0000000000000000000000000000
0000000000000000000000000000
0000000000000001000000001100
0000000000000111110000001100
0000000000011111110000001110
0000000001111111111101111110
0000001111111101111111111110
0111111111110110111111111110
1111111111110000011111111111
1111111111111001111111111110
1111111111111111111111111100
0111111111111111111000000001
0000111111111100000000001100
0000000000000000000000000000
0000000000000000000000000000
0000000000000000000000000000
0000000000000000000000000000
0000000000000000000000000000
0000000000000000000000000000
0000000000000000000000000000
0000000000000000000000000000
