0000000000000000000000000000
0000000000000000000000000000
0000000000000000000000000000
0000000000000000000000000000
0000000000000000000000000000
0000000000000000000000000000
0000000000000000000000000000
0000000000001111100000000000
0000000000001111111000000000
0000000000001111111110000000
0000000000001111111111110000
0000000000001111111111111110
0000000000001111111111101100
0000000000011111111111111100
0000000001111111111110111100
0000000111111111111111111100
0000011111111111110110111110
0011111111111111111111111110
0111111111111111111111111110
1111111111111111111111111100
1111111111100111110011110010
0110000000000111110111111110
0001111111111101111101111100
0000000000000000000000000000
0000000000000000000000000000
0000000000000000000000000000
0000000000000000000000000000
0000000000000000000000000000
