0000000000000000000000000000
0000000000000000000000000000
0000000000000000000000000000
0000000000000000000000000000
0000000000000000000000000000
0000000000000000000000000000
0000000000000000000000000000
0000000000000000000000000000
0000000000000011110000001000
0000000000001111111000011100
0000000000011111111111111100
0000000001111111111111111100
0000000011111111111111111100
0000000110111111111111111100
0001111111111111111111111110
0111110111111111111111111110
1111111111111111111111111110
1111111111111111111111111110
0111111111111111111111111111
0011111111111111111111111110
0000001111111110000000001000
0000000000000000000000000000
0000000000000000000000000000
0000000000000000000000000000
0000000000000000000000000000
0000000000000000000000000000
0000000000000000000000000000
0000000000000000000000000000
