0000000000000000000000000000
0000000000000000000000000000
0000000000000000000000000000
0000000000000000000000000000
0000000000000000000000000000
0000000000000000000000000000
0000000000000011111100000000
0000000000000111111101000000
0000000000001111111100000000
0000000000001111111111111110
0000000000011111111111111110
0000000000011111111111111110
0000000001111111111111111110
0000000001111111111111111110
0000001111111111111111111110
0111111111111111111111111110
0111111111111111111111111110
0111111111111111111111111110
0001111111111111111111111110
0000001111111111111111111110
0000000000000000000000000000
0000000000000000000000001110
0000000000000000000000000000
0000000000000000000000000000
0000000000000000000000000000
0000000000000000000000000000
0000000000000000000000000000
0000000000000000000000000000
