0000000000000000000000000000
0000000000000000000000000000
0000000000000000000000000000
0000000000000000000000000000
0000000000000000000000000000
0000000000000000000000000000
0000000000000000000000000000
0000000000000000000000000000
0000000000000000000000000000
0000000000000011111000001100
0000000000011111111110011110
0000000000111111111111111110
0000000011111111110111111110
0000001111111111111111111110
0011111111111111111111111111
0111111111111110111111011111
0111111111111111111111111111
0000001111111111111111111000
0111000000000000000000000000
0001111111111111111111111110
0000000000000000000000000000
0000000000000000000000000000
0000000000000000000000000000
0000000000000000000000000000
0000000000000000000000000000
0000000000000000000000000000
0000000000000000000000000000
0000000000000000000000000000
