0000000000000000000000000000
0000000000000000000000000000
0000000000000000000000000000
0000000000000000000000000000
0000000000000000000000000000
0000000000000000000000000000
0000000000000000000000000000
0000000000000000010000000000
0000000000000000111000000000
0000000000000011111100001110
0000000000000111111111011100
0000000000011111111111111110
0000000000011111111111111110
0000000011111111111111111110
0011111111111111111111111111
1111111111111111111111111111
1111111111111111111111111111
0111111111111111111111111110
0000011111111111111000000000
0000000000000000000000001110
0000000000000000000000000000
0000000000000000000000000000
0000000000000000000000000000
0000000000000000000000000000
0000000000000000000000000000
0000000000000000000000000000
0000000000000000000000000000
0000000000000000000000000000
