0000000000000000000000000000
0000000000000000000000000000
0000000000000000000000000000
0000000000000000000000000000
0000000000000000000000000000
0000000000000000000000000000
0000000000000000001000000000
0000000000000000001110000000
0000000000000000001111111110
0000000000000000011111111110
0000000000000000111111111110
0000000000000000111111111110
0000000000000001111111111110
0000000000000111111111111110
0000000000001111111111111110
0000000000111111111111111110
0000000011111111111111111110
0110011111111111111111111110
0111111111111111111111111100
0001111111111111111111111000
0000000011111111111111111000
0000111100000000000000000000
0000000100100100000100111000
0000000000000000000000000000
0000000000000000000000000000
0000000000000000000000000000
0000000000000000000000000000
0000000000000000000000000000
