0000000000000000000000000000
0000000000000000000000000000
0000000000000000000000000000
0000000000000000000000000000
0000000000000000000000000000
0000000000000000000000000000
0000000000000000000000000000
0000000000000000000000000000
0000000000001100000000000000
0000000000001110000000000010
0000000000111111100000011111
0000000010111111111111111111
0000001111111111111111111111
0001111111111111111111111111
1111111011111111111111111111
0111111111111111111111111111
1111111111111111111111111101
1111111111111111111111111111
1111111111111111111111111111
0011111111111111111111111110
0000000000000000000000000000
0000000000000000000000000000
0000000000000000000000000000
0000000000000000000000000000
0000000000000000000000000000
0000000000000000000000000000
0000000000000000000000000000
0000000000000000000000000000
