0000000000000000000000000000
0000000000000000000000000000
0000000000000000000000000000
0000000000000000000000000000
0000000000000000000000000000
0000000000000000000000000000
0000000000000000000000000000
0000000000000000000000000000
0000000000000000000000000000
0000000000000000000100000000
0000000000000000111100000000
0000000000000111111100000110
0000000000111111111111001110
0000000111111111111111111111
0110111111111111111111111111
1111111111111111111111111111
1110001111111111111111111111
0111111100000000000000000001
0001111111111111111111111111
0000000000001111111111111110
0000000000000000000000000000
0000000000000000000000000000
0000000000000000000000000000
0000000000000000000000000000
0000000000000000000000000000
0000000000000000000000000000
0000000000000000000000000000
0000000000000000000000000000
