0000000000000000000000000000
0000000000000000000000000000
0000000000000000000000000000
0000000000000000000000000000
0000000000000000000000000000
0000000000000000000000000000
0000000000000000000000000000
0000000000000000000000000000
0000000000000000110000000100
0000000000000011111000001110
0000000000011111111110011110
0000000001111111111111111110
0000000111111111111111111110
0000001111111111111111111110
0011111111111111111111111110
0111111111111111111111111110
0111111111111111111111111110
1110000000000000000000000000
1111111111111111111111111111
0011111111111111111111111110
0000000000000000000000000000
0000000000000000000000000000
0000000000000000000000000000
0000000000000000000000000000
0000000000000000000000000000
0000000000000000000000000000
0000000000000000000000000000
0000000000000000000000000000
