0000000000000000000000000000
0000000000000000000000000000
0000000000000000000000000000
0000000000000000000000000000
0000000000000000000000000000
0000000000000000001000000000
0000000000000001111110000100
0000000000000011111111111110
0000000000000001111111111110
0000000000000001111111111110
0000000000000001111111111110
0000000000000101110110100000
0000000000001110100000111111
0000000000110111100000111111
0000000000111111100000000000
0000000110111111110001111111
0111001111111111111111111111
0011111111111111111111111110
0100011111111111111111111111
0001000001111111111111100001
0110010110000000000000011111
0001111111111111111111111110
0000001100011111111111110000
0000000000000000000000000000
0000000000000000000000000000
0000000000000000000000000000
0000000000000000000000000000
0000000000000000000000000000
