0000000000000000000000000000
0000000000000000000000000000
0000000000000000000000000000
0000000000000000000000000000
0000000000000000000000000000
0000000000000000000000000000
0000000000000000000000000000
0000000000000000011100000110
0000000000000000111111111110
0000000000000001111111111100
0000000000000001111111111100
0000000000000011111111111100
0000000000000111111111111110
0000000000011111111111111110
0000000001111111111111111110
0000111111111111111111111111
0111111111111111111111111111
0111111111111111111111111111
0001111111111111111111111110
0110000000000000000000000000
0000111100000000000011111110
0000000001011000000000000000
0000000000000000000000000000
0000000000000000000000000000
0000000000000000000000000000
0000000000000000000000000000
0000000000000000000000000000
0000000000000000000000000000
