0000000000000000000000000000
0000000000000000000000000000
0000000000000000000000000000
0000000000000000000000000000
0000000000000001000000000000
0000000000000001100000111110
0000000000000011111111111110
0000000000000111011111111110
0000000000000111111111111100
0000000000000110011111111110
0000000000001110011111111110
0000000000001111111111111110
0000000000001111111111111110
0000000000001111111111111111
0000000000011111111111111111
0000000000011111111111111111
0000000000111111111111111110
0000000001111111111111111110
0000000011111111111111111110
0000001111111111111111111110
0011111111111111111111111110
0111111111111111111111111110
0001111111111111100001111110
0000000000000000000111000000
0000000000000000000000000000
0000000000000000000000000000
0000000000000000000000000000
0000000000000000000000000000
