0000000000000000000000000000
0000000000000000000000000000
0000000000000000000000000000
0000000000000000000000000000
0000000000000000000000000000
0000000000000000000000000000
0000000000000000000000000000
0000000000000000000000000000
0000000000000001100000000000
0000000000000011100000011011
0000000000000111110000111110
0000000000011111111001111110
0000000011111111111111111110
0000001111111111111111111110
0001111111111111111111111110
1111111111111111111111111110
1111111111111111111111000000
1111111111111110000000000000
0000000000000000001111100000
0000000000000000000000110000
0000000000000000000000000000
0000000000000000000000000000
0000000000000000000000000000
0000000000000000000000000000
0000000000000000000000000000
0000000000000000000000000000
0000000000000000000000000000
0000000000000000000000000000
