0000000000000000000000000000
0000000000000000000000000000
0000000000000000000000000000
0000000000000000000000000000
0000000000000000000000000000
0000000000000000000000000000
0000000000000000000000000000
0000000000000000000000000000
0000000000000000100000000000
0000000000000111110000000000
0000000000011111111000000010
0000000001111111111111110110
0000000111111111111111111110
0000001111111111111111111110
0011111111111111111111111110
0111111111111111111111111110
1111111111111111111111111111
0111111111111111111111111111
0011111111111111111111111110
0000011111111111111111111100
0000000000000000000000000000
0000000000000000000000000000
0000000000000000000000000000
0000000000000000000000000000
0000000000000000000000000000
0000000000000000000000000000
0000000000000000000000000000
0000000000000000000000000000
