0000000000000000000000000000
0000000000000000000000000000
0000000000000000000000000000
0000000000000000000000000000
0000000000000000000000000000
0000000000000000000000000000
0000000000000000000000000000
0000000000000000000000000000
0000000000000000110000000000
0000000000000000110000000000
0000000000000001100000000000
0000000000000111011000000100
0000000000111101111110111110
0000000001111011111111111110
0000001111011111111111111110
0000011101111111111111111011
0000111111111111111111111111
0000111111111111111111111110
0000000000000000000000000000
1111111000000111011111111111
0001111111111111111111111110
0000000000000000000000000000
0000000000000000000000000000
0000000000000000000000000000
0000000000000000000000000000
0000000000000000000000000000
0000000000000000000000000000
0000000000000000000000000000
