0000000000000000000000000000
0000000000000000000000000000
0000000000000000000000000000
0000000000000000000000000000
0000000000000000000000000000
0000000000000000000000000000
0000000000000000000000000000
0000000000000000000000000000
0000000000000000000000000110
0000000000000001111000000110
0000000000000111111000011100
0000000000111111111000111100
0000000001111111111111111110
0000000111111111111111111110
0000111111111111111111111110
0111111111111111111111111110
1111111111111111111111111110
1111111111111111111111111100
0011111111111111000000000000
0010000000000000000111111110
0000000000000000001111111110
0000000000000000000000000000
0000000000000000000000000000
0000000000000000000000000000
0000000000000000000000000000
0000000000000000000000000000
0000000000000000000000000000
0000000000000000000000000000
