0000000000000000000000000000
0000000000000000000000000000
0000000000000000000000000000
0000000000000000000000000000
0000000000000000000000000000
0000000000000000000000000000
0000000000000000000000000000
0000000000000000000000000000
0000000000000000110000000000
0000000000000011111000011000
0000000000000111111000110100
0000000000011110011111100000
0000000001111100111111111110
0000000111111100111111111110
0111111111111110011111111110
1111111111111111101111111110
1111111111111111111111111110
0111111111111111110111111100
0001100100000000000000000011
0000011111111111111111111110
0000000000000000000000000000
0000000000000000000000000000
0000000000000000000000000000
0000000000000000000000000000
0000000000000000000000000000
0000000000000000000000000000
0000000000000000000000000000
0000000000000000000000000000
