0000000000000000000000000000
0000000000000000000000000000
0000000000000000000000000000
0000000000000110100000000000
0000000000001111111100000000
0000000000011111111111000000
0000000000011111111111110000
0000000000011111111111111000
0000000000001111111111111000
0000000000011111111111111100
0000000000111111111111111000
0000000000011111111111111100
0000000000111111111111111100
0000000001111111111111111000
0000000111111111111111111010
0000001111111111111111100110
0000011111111111110000001110
0000111111111111100000011100
0011111111111111000000111000
0011111111111111000001100000
0001111111111110000000000000
0000001111111110000000000000
0000000000000000000000000000
0000000111100001000000000000
0000111111111010000000000000
0000000011111100000000000000
0000000000000000000000000000
0000000000000000000000000000
