0000000000000000000000000000
0000000000000000000000000000
0000000000000000000000000000
0000000000000000000000000000
0000000000000000000000000000
0000000000000000000000000000
0000000000000000000000000000
0000000000000000100000000000
0000000000000001110000111000
0000000000000111110000111100
0000000000011100111011111100
0000000001111110111111111110
0000000111111110111111101110
0010111111111011001110111110
0111111111001101100001111110
1111111111101000111111111110
1111111111100111111111111110
0111111111110111111111111110
0100011111111111111111100011
0011110000001011010110111111
0000011111101011010110111000
0000000000000000000000000000
0000000000000000000000000000
0000000000000000000000000000
0000000000000000000000000000
0000000000000000000000000000
0000000000000000000000000000
0000000000000000000000000000
