0000000000000000000000000000
0000000000000000000000000000
0000000000000000000000000000
0000000000000000000000000000
0000000000000000000000000000
0000000000000000000000000000
0000000000000000000000000000
0000000000000000000000000000
0000000000000000110000000000
0000000000000011111100000110
0000000000001111111111101110
0000000000111111111111111110
0000000011111111111111111111
0000001111111111111111111111
0111111111111111111111111011
1111111111111111111111111111
1111111111111111111111111111
0111111111111111111111111111
0000011111111111111111111110
0000000010111100000000100000
0000000000000000000000000000
0000000000000000000000000000
0000000000000000000000000000
0000000000000000000000000000
0000000000000000000000000000
0000000000000000000000000000
0000000000000000000000000000
0000000000000000000000000000
