0000000000000000000000000000
0000000000000000000000000000
0000000000000000000000000000
0000000000000000000000000000
0000000000000000000000000000
0000000000000000000000000000
0000000000000000000000000000
0000000000000000000000000000
0000000000000000000000000000
0000000000000000000000000000
0000000000000000010000000000
0000000000000111110000000000
0000000000011111111000000110
0000000001111101111101111111
0000001111101111111111111111
0111111111101000111101111111
0111111111111111111111111111
0000001111111111111111111111
1110000000000000000000000000
0001111111111111111111111111
0000000000000000000000000000
0000000000000000000000000000
0000000000000000000000000000
0000000000000000000000000000
0000000000000000000000000000
0000000000000000000000000000
0000000000000000000000000000
0000000000000000000000000000
