0000000000000000000000000000
0000000000000000000000000000
0000000000000000000000000000
0000000000000000000000000000
0000000000000000000000000000
0000000000000000000000000000
0000000000000000000000000000
0000000000000000000000000000
0000000000000000000000000000
0000000000000001000000000000
0000000000001111000000000000
0000000000111111100000000110
0000000011111111111111111110
0000001111111111111111111111
0000111111111111111111111111
0111111111111111111111111111
0001111111111111111111111000
0000000000000000000000000011
0111111111111111111111111111
0001111111111111111111110000
0000000000000000000000000000
0000000000000000000000000000
0000000000000000000000000000
0000000000000000000000000000
0000000000000000000000000000
0000000000000000000000000000
0000000000000000000000000000
0000000000000000000000000000
