0000000000000000000000000000
0000000000000000000000000000
0000000000000000000000000000
0000000000000000000000000000
0000000000000000000000000000
0000000000000000000000000000
0000000000000000000000000000
0000000000000000000000000000
0000000000000000001000000000
0000000000000011111100000000
0000000000010111111100000110
0000000000111111111110001110
0000000000111111111111111110
0000000111111111111111111111
0111111111111111111111111111
0111111111111111111111111111
0011111111111111111111111111
0000000001111000000000000000
0000000000000000000000000000
0000000000000000000000000000
0000000000000000000000000000
0000000000000000000000000000
0000000000000000000000000000
0000000000000000000000000000
0000000000000000000000000000
0000000000000000000000000000
0000000000000000000000000000
0000000000000000000000000000
