0000000000000000000000000000
0000000000000000000000000000
0000000000000000000000000000
0000000000000000000000000000
0000000000000000000000000000
0000000000000000000000000000
0000000000000000000100000100
0000000000000000011111111110
0000000000000000111111111110
0000000000000011111110111110
0000000000000111111101111110
0000000000011111110011111110
0000000001111111110111011110
0000001111111111001100001110
0000011111111110011111101110
0011111111110111111100011110
0110011111100111111111111111
1110011111001111110000000111
1111101100011001111111111111
0111111111111111111111111110
0011111111111111111111111100
0000000011111110000000000000
0000000000000000000000000000
0000000000000000000000000000
0000000000000000000000000000
0000000000000000000000000000
0000000000000000000000000000
0000000000000000000000000000
