0000000000000000000000000000
0000000000000000000000000000
0000000000000000000000000000
0000000000000000000000000000
0000000000000000000000000000
0000000000000000000000000000
0000000000000000000000000000
0000000000000000011110000000
0000000000000000111111111100
0000000000000001101111111110
0000000000000001111111111110
0000000000000011011111111110
0000000000011101111111111110
0000000001110111111111111110
0000010001001111111111111110
0011111000111111111111111111
0111111111111111111111111111
0111111111111111111111111111
0001111111111111111111111110
0000000011111111111100000000
0000000000001111111110000000
0000000000000111000000000000
0000000000000000000000000000
0000000000000000000000000000
0000000000000000000000000000
0000000000000000000000000000
0000000000000000000000000000
0000000000000000000000000000
