0000000000000000000000000000
0000000000000000000000000000
0000000000000000000000000000
0000000000000000000000000000
0000000000000000000000000000
0000000000000000000000000000
0000000000000000000000000000
0000000000000000000000000000
0000000000000000010000000000
0000000000000011111000000100
0000000000000111111110001100
0000000000111111111111111000
0000000001110111111111111010
0000000011001111111111111100
0001111111101111111110111110
0111111111111111110000111111
1111111111111111111111111111
0111111111111111111111111100
0000000111110001111110111000
0000110000000011111111111100
0000011111111011111111111100
0000000000000000000000000000
0000000000000000000000000000
0000000000000000000000000000
0000000000000000000000000000
0000000000000000000000000000
0000000000000000000000000000
0000000000000000000000000000
