0000000000000000000000000000
0000000000000000000000000000
0000000000000000000000000000
0000000000000000000000000000
0000000000000000000000000000
0000000000000000000000000000
0000000000000000000000000000
0000000000000000000000000000
0000000000000000000000000000
0000000000000000110000000000
0000000000000011111000001000
0000000000011111111100011100
0000000001111111111111111110
0000001111111011111111111110
0111111111111111111111111110
0111111111111111111111111110
1111111111111111111111111110
0111111111111111000000000001
0001111111111111111111111111
0000000011111111111111111110
0000000000000000000000000000
0000000000000000000000000000
0000000000000000000000000000
0000000000000000000000000000
0000000000000000000000000000
0000000000000000000000000000
0000000000000000000000000000
0000000000000000000000000000
