0000000000000000000000000000
0000000000000000000000000000
0000000000000000000000000000
0000000000000000000000000000
0000000000000000000000000000
0000000000000000000000000000
0000000000000000100000000000
0000000000000001110000000000
0000000000000011111000000000
0000000000000111111100001110
0000000000001111111110011110
0000000000011111111111111110
0000000001111111111111111110
0000000111111111111111111110
0000011100011111111111111110
0010111111111111111111111111
0111111111111111111111111111
1111111111111111111111111000
0111111111111111111111111000
1000000000000000111111111000
0011010000010011111111111111
0000011011101100000000000010
0000000000000000000000000000
0000000000000000000000000000
0000000000000000000000000000
0000000000000000000000000000
0000000000000000000000000000
0000000000000000000000000000
