0000000000000000000000000000
0000000000000000000000000000
0000000000000000000000000000
0000000000000000000000000000
0000000000000000000000000000
0000000000000000000000000000
0000000000000000000000000000
0000000000000000000000000000
0000000000000000001100000100
0000000000000001111100011100
0000000000000111011101111010
0000000000001111111111111111
0000000001101111111111111111
0000000011111111111111111111
0000111111111111111111111111
0111111111111111111111111110
1111111111111111111111100010
1111111111111111111001111100
1100111111111110001111000000
0111000000000001110000000000
0000111111111100000000000000
0000000000000000000000000000
0000000000000000000000000000
0000000000000000000000000000
0000000000000000000000000000
0000000000000000000000000000
0000000000000000000000000000
0000000000000000000000000000
