0000000000000000000000000000
0000000000000000000000000000
0000000000000000000000000000
0000000000000000000000000000
0000000000000000000000000000
0000000000000000000000001000
0000000000000011111000101100
0000000000000111111111111100
0000000000001111111111111110
0000000000011111111111111110
0000000000111111111111111110
0000000011111111111111111110
0000000111111111111111111110
0000001111111111111111111110
0000111111111111111111111111
0111111111111111111111111111
1111111111111111111111111110
1111111111111111111111111100
1111111111111111111110000000
0111111111111111111000000000
0000111111111111100000000000
0000000001110000000000000000
0000000000000000000000000000
0000000000000000000000000000
0000000000000000000000000000
0000000000000000000000000000
0000000000000000000000000000
0000000000000000000000000000
