0000000000000000000000000000
0000000000000000000000000000
0000000000000000000000000000
0000000000000000000000000000
0000000000000000000000000000
0000000000000000000000000000
0000000000000000000000000000
0000000000000000000000000000
0000000000000001100000000000
0000000000001011110000000000
0000000000011111111000000110
0000000001101011111111111110
0000000011111111111111111111
0000001111111111111111111111
0000111111111111111111111111
0000000001111111111111111110
1111111110000000101111111111
1111111111111111111111111111
1000000000011101111100111111
1111111111111111111111111111
0000000001001111111011001000
0000000000000000000000000000
0000000000000000000000000000
0000000000000000000000000000
0000000000000000000000000000
0000000000000000000000000000
0000000000000000000000000000
0000000000000000000000000000
