0000000000000000000000000000
0000000000000000000000000000
0000000000000000000000000000
0000000000000000000000000000
0000000000000000000000000000
0000000000000000000000000000
0000000000000000000000000000
0000000000000000110000000000
0000000000000011111000000000
0000000000000011011000001110
0000000000110111101100001110
0000000011111111110111111110
0000011001111111111001110010
0001111100111111111110000000
0011000011001111111101111110
1000000001110111111011111110
1111000000110011111111111110
0111111111111111111111111110
0001111111111111111111111111
0000011111111111111111111111
0000000000000000000000000000
0000000000000000000000000000
0000000000000000000000000000
0000000000000000000000000000
0000000000000000000000000000
0000000000000000000000000000
0000000000000000000000000000
0000000000000000000000000000
