0000000000000000000000000000
0000000000000000000000000000
0000000000000000000000000000
0000000000000000000000000000
0000000000000000000000000000
0000000000000000000000000000
0000000000000000000000000000
0000000000000000000000000100
0000000000000011000000000010
0000000000000111110000011010
0000000000001111111100111100
0000000000111111111111111100
0000000001111111111111111100
0000000111111111111111111110
0000111111111111111111111110
0011111111111111111111111110
0111111111111111111111111000
1111111111111111111110000011
0111111111111110000000000010
0000000000000000000000111110
0000000000001111100000000000
0000000000000000000000000000
0000000000000000000000000000
0000000000000000000000000000
0000000000000000000000000000
0000000000000000000000000000
0000000000000000000000000000
0000000000000000000000000000
