0000000000000000000000000000
0000000000000000000000000000
0000000000000000000000000000
0000000000000000000000000000
0000000000000000000000000000
0000000000000000000000000000
0000000000000000000000000000
0000000000000000000000000000
0000000000000000000000000000
0000000000000011110000000000
0000000000001111111000000010
0000000000011111111110000110
0000000011111111111111111110
0000001111100011111111111111
0011111111100001111111111111
0111111111110111111111111111
1111111111111111111111111111
1111111111111100111111111111
0111111111111111111111111110
0000000011101001000000111110
0000000000000000000000000000
0000000000000000000000000000
0000000000000000000000000000
0000000000000000000000000000
0000000000000000000000000000
0000000000000000000000000000
0000000000000000000000000000
0000000000000000000000000000
