0000000000000000000000000000
0000000000000000000000000000
0000000000000000000000000000
0000000000000000000000000000
0000000000000000000000000000
0000000000000000000000000000
0000000000000000000000000000
0000000000000000110000000000
0000000000000001110000000000
0000000000000111110000000110
0000000000000111110000000110
0000000000001111110000001100
0000000000011111110000011110
0000000000111111111111111110
0000000111111111111111111110
0001111111111111111111111110
0000011111111111111111111110
1100000111111111111111111110
0111000111111111111111111111
0011111111111111111111111111
0000111111111111111111111111
0000000111111111111111111100
0000000000000000000000000000
0000000000000000000000000000
0000000000000000000000000000
0000000000000000000000000000
0000000000000000000000000000
0000000000000000000000000000
