0000000000000000000000000000
0000000000000000000000000000
0000000000000000000000000000
0000000000000000000000000000
0000000000000000000000000000
0000000000000000000000000000
0000000000000000000000000000
0000000000000000000100000000
0000000000000000011111100000
0000000000000000111111111110
0000000000000001111111111110
0000000000000111111111111110
0000000000001111111111111110
0000000000111111111111111111
0000000011111111111111111111
0001111111111111111111111111
0111111111111111111111111111
0111111111111111111111111111
0111111111111111111110000000
0111000001100000000000000001
0001111111000001111111111111
0000000001111111110000000000
0000000000000000000000000000
0000000000000000000000000000
0000000000000000000000000000
0000000000000000000000000000
0000000000000000000000000000
0000000000000000000000000000
