0000000000000000000000000000
0000000000000000000000000000
0000000000000000000000000000
0000000000000000000000000000
0000000000000000000000000000
0000000000000000000000000000
0000000000000000000000000000
0000000000000000000000000000
0000000000000011100000000000
0000000000011111100000000110
0000000001111111110000001110
0000000111111111111111111111
0000001111111111111111111111
0111111111111111111111111111
1111111111111111111111111111
0011111111111111111111111111
1000000000000000000000000000
1100110000000001000001011111
0011111110001000000000000011
0000000000000000000000000000
0000000000000000000000000000
0000000000000000000000000000
0000000000000000000000000000
0000000000000000000000000000
0000000000000000000000000000
0000000000000000000000000000
0000000000000000000000000000
0000000000000000000000000000
