0000000000000000000000000000
0000000000000000000000000000
0001000000000000000000001000
1011111100000000000001111110
1011111111000000000111111110
0011111111110000111111111111
0101111111111111111111111100
0101111111111101111111111010
0101111111111101101111110110
0111111111111111111111110110
0011111111111111111111110110
0001111111111100111111110100
1001111111111101111111111100
1001111111111100111111111000
1001111111111101111111111000
0001111111111111111111111000
0001111111111111111111111000
0000111111111111111111101000
0100111111111111111111111000
0000111111111111111111111000
0010111111111111111111111000
0000111111111111111111111000
0000111111111111111111110000
0000111111111111111111110000
0000111111111111111111110000
0000111111111110010000000000
0000000001111100000000000000
0000000000000000000000000000
