0000000000000110000000000000
0000000000000101000000000000
0000000000001001000000000000
0000000000001000100000000000
0000000000011000100000000000
0000000000010000100000000000
0000000000010000010000000000
0000000000110000010000000000
0000000000100000011000000000
0000000001100000001000000000
0000000001100000001100000000
0000000011000000000110000000
0000000010000000000110000000
0000000011000000000110000000
0000000111100000001110000000
0000000111111111111110000000
0000000111111111111110000000
0000000111111111111111000000
0000000111111111111111000000
0000001111111111111111100000
0000001111111111111111100000
0000001111111111111111100000
0000001111111111111111100000
0000001111111111111111100000
0000001111111111111111100000
0000001111111111111111100000
0000001111111111111111100000
0000000011111111111111000000
