0000000000000010000000000000
0000000000000111000000000000
0000000000000101100000000000
0000000000001101100000000000
0000000000001001100000000000
0000000000001000110000000000
0000000000011000110000000000
0000000000011000110000000000
0000000000010000110000000000
0000000000010000011000000000
0000000000110000011000000000
0000111100110000011000011000
0000111100110100001100011000
0000011100110000001100110000
0000011110111000001101110000
0000011111111000001101110000
0000011111011000001111110000
0000011111111111111111110000
0000011111111111111111110000
0000011111111111111111110000
0000011111111111111111110000
0000011111111111111111110000
0000011111111111111111110000
0000011111111111111111110000
0000011111111111111111110000
0000011111111111111111110000
0000011111000000000000110000
0000001111111111111111100000
