0000000000000000000000000000
0000000000000000000000000000
0000000000000000000000000000
0000000000000000000000000000
0000000000000000000000000000
0000000000000000000000000000
0111100000000000000000000000
0111111111111111111111111000
0111111111111111111111111111
0011111111111111111111110011
0011111111111111111111110110
0011111111111111111111110010
0011111111111111111111110110
0011111111111111111111111110
0111111111111111111111111110
0111111111111111111111111110
0111111111111111111111111100
0111111111111111111111111100
0111111111111111111111111100
0111111111111111111111111100
0111111111111111111111111000
0011111111111111111111111000
0000000100100000111111100000
0000000000000000000000000000
0000000000000000000000000000
0000000000000000000000000000
0000000000000000000000000000
0000000000000000000000000000
