0000000000000000000000000000
0000000000000000000000000000
0000000000000000000000000000
0000000000000000000000000000
0000000000000000000000000000
0000000000100100010000000000
0000000000000000000000000000
0111111111111111111111111110
0111100111011111001111011110
1111100110010111001111001110
0111101000110000101111000011
1110011111000110101110011011
0111000111101101101110111011
0110011001111111101110000011
0110111110111110111110111010
0100111110101110110101111100
0110111110010111011001111110
0111011111011111111110111110
0111101111110111111110011110
0111101001110010101111100010
0111101101110101101111101010
0111001111101111111111010110
0011011111101101110111111100
0001111010111111011110111000
0000000000000000000000000000
0000000000000000000000000000
0000000000000000000000000000
0000000000000000000000000000
