0000000000000000000000000000
0000000000000000000000000000
0000000000000000000000000000
0000000000000000000000000000
0000000000000000000000000000
0001100000000000000000000000
0001110111111111111111111110
0011101111111111111111111111
0001111111111111111111111111
0011111111111111111111111111
0011111111111111111111111110
0011111111111111111111111110
0011111111111111111111111110
0011111111111111111111111110
0111111111111111111111111111
0111111111111111111111111110
0111111111111111111111111111
1011111111111111111111111111
1001111111111111111111111111
1011111111111111111111111111
1011111111111111111111111111
1001111111111111111111111110
0011011111111111111111111110
0010000000000000000000000000
0000000000000000000000000000
0000000000000000000000000000
0000000000000000000000000000
0000000000000000000000000000
