0000000000001110000000000000
0000000000011011000000000000
0000000000110001100000000000
0000000000100000100000000000
0000000001100000110000000000
0000000001100000110000000000
0000000001000000110000000000
0000000001000000010000000000
0000000001000000010000000000
0000000011000000010000000000
0000000011000000010000000000
0000000011000000011000000000
0000000011000000011000000000
0000000011011111001000000000
0000000011010001101000000000
0000000001100000110000000000
0000000000110110110000000000
0000000111111111111110000000
0000011111111111111111100000
0000011111111111111111100000
0000001111111111111111000000
0000001111111111111111000000
0000011111111111111110000000
0000010111111111111110000000
0000010111111111111110000000
0000011111111111111111000000
0000001111111111111111000000
0000001111111000000000000000
