0000000000000010000000000000
0000000000000101000000000000
0000000000000101000000000000
0000000000001101100000000000
0000000000001101100000000000
0000000000001001100000000000
0000000000011000100000000000
0000000000011000100000000000
0000000000011000110000000000
0000000000011000110000000000
0000000000110000010000000000
0000000000110000011000000000
0000000000110000011000000000
0000000111110000011000000000
0000001111111111111111100000
0000011111111111111111100000
0000011111111111111111100000
0000011111111111111111100000
0000011111111111111111100000
0000111111111111111111100000
0000001111111111111111110000
0000001111111111111111110000
0000001111111111111111110000
0000011111111111111111110000
0000011111111111111111110000
0000011111111111111111110000
0000111111111111111111110000
0000111111100000000000000000
