0000000000000000000000000000
0000000000000000000000000000
0000000000000000000000000000
0010000000000110000000000100
0011111111111111111111111110
0111111111111111111111111110
0111111111111111111111111110
0111111111111111111111101010
0111111111111111111111111010
0111111111111111111111111110
0111111111111111111111111110
0111111111111111111111111110
0111111111111111111111111110
0111111111111111111111111110
0111111111111111111111111110
0111111111111111111111111110
0111111111111111111111111110
0111111111111111111111111110
0111111111111111111111111110
0111111111111111111111111110
0111111111111111111111111110
0111111111111111111111111110
0111111111111111111111111110
0011111111111111111111111100
0000000000000000000000000000
0000000000000000000000000000
0000000000000000000000000000
0000000000000000000000000000
