0000000000000000000000000000
0000000000000111000000000000
0000000000000000000000000000
0000000000001000000000000000
0000000000001000000000000000
0000000000011000010000000000
0000000000010000010000000000
0000000000010000010000000000
0000000000010000010000000000
0000000000010000001000000000
0000000000000000000000000000
0000001111011111110111100000
0000000111111111111111000000
0000000111111111111111000000
0000000111111111111111000000
0000000111111111111111000000
0000000111111111111111000000
0000001011111111111111000000
0000001111111111111111100000
0000001111111111111111100000
0000001111111111111111100000
0000001011111111111111100000
0000001011111111111110100000
0000001011111111111110100000
0000001011111111111110100000
0000001111111111111110100000
0000001111111111111111100000
0000000011111111111110000000
