0000000000000000000000000000
0000000000000000000000000000
0000000000000000000000000000
0000000000000011111000000000
0000000000000110001000000000
0000000000000100000100000000
0000000000001000000110000000
0000000000001000000100000000
0000000000001000000100000000
0000000000001000000110000000
0000000000001101100101101000
0000011111111001100110100000
0000010111111101100110000000
0000111111000000000000000000
0001100000000111111111100000
0001111111111111111111100000
0000111111111111111111100000
0001111111111111111101100000
0001111111111111111111101100
0011111111111111111101101011
0011111111111111111111101111
0110111111111111111111101101
0110111111111111111111101000
0100111111111111111111111101
1111111111111111111111100011
0010011111111111111111101010
0000000000000000000000000000
0000000000000000000000000000
