0000000000000000000000000000
0000000000000000100000000000
0000000000000000100000000000
0000000000000000100000000000
0000000000000000110000000000
0000000000001000010000000000
0000000000001000010000000000
0000000000010000011000000000
0000000000010000001000000000
0000000000110000011000000000
0000000000100000001000000000
0000001110100000001100010000
0000111111111000001111111000
0000110011111111111111111000
0000010111111111111111111000
0000010111111111111111111000
0000011111111111111111111000
0000011111111111111111110000
0000011111111111111111110000
0000011111111111111111110000
0000011111111111111111110000
0000001111111111111111110000
0000001111111111111111110000
0000001111111111111111110000
0000001111111111111111110000
0000001111111111111111110000
0000001111111111111111110000
0000001111111010011111100000
