0000000000000111100000000000
0000000000011111110000000000
0000000000110000011000000000
0000000000100000001000000000
0000000001100000001100000000
0000000001000000000100000000
0000000001000000000100000000
0000000011000000000110000000
0000000011000000000110000000
0000000011000000000110000000
0000000011000000000110000000
0000000011000000000110000000
0000000011000000000110000000
0000000011000000000110000000
0000000011000000000110000000
0000001111111111111111000000
0000001111111111111111100000
0000001111111111111111100000
0000001111111111111111100000
0000001111111111111111100000
0000001111111111111111100000
0000001111111111111111110000
0000011111111111111111110000
0000011111111111111111110000
0000011111111111111111110000
0000011111111111111111110000
0000011111111111111111110000
0000000111111111111111100000
