0000000000000000000000000000
0000000000000000000000000000
0011111111111111111111111100
0111111111111111111111111100
0111111111111111111111111100
0111111111111111111111111110
0111111111111111111111111110
1111111111111111111111110011
1110111111111111111111110011
0110111111111111111111111010
0111111111111111111111111010
0111111111111111111111110100
0110111111111101111111110100
0011111111111101111111110000
0011111111100111111111010100
0011111111000111111100000000
0011111111111000111111111100
0011100111111110110000111000
0011101111111111110001111000
0011101111111111111100111100
0011111111111111111111111100
0011111111111111111111111100
0011111111111111111111111100
0011111111111111111111111100
0011111111111111111111111100
0011111111111111111111111100
0000111111111111111111110000
0000000000000000000000000000
