0000000000000000000000000000
0000000000000000000000000000
0000000000000000000000000000
0000000000000000000000000000
0000000000011111100000000000
0000000000111111110000000000
0000000001000000010000000000
0000000001100000011000000000
0000000001100000011000000000
0000000011000000011000000000
0000011111111111111111100000
0011111111111111111111111000
0111111111111111111111111110
0111111111111001111111111110
1111111111110000111111111110
0111111111111111111111111111
0111111111111111111111111111
0111111111111111111111111111
1111111111111111111111111111
1111111111111111111111111110
0111111111111111111111111110
0111111111111111111111111110
0111111111111111111111111100
0111111111111111111111111100
0000000001110011000000000000
0000000000000000000000000000
0000000000000000000000000000
0000000000000000000000000000
