0000000000000110000000000000
0000000000000110000000000000
0000000000000010000000000000
0000000000001010000000000000
0000000000001011000000000000
0000000000001001000000000000
0000000000001001000000000000
0000000000011001000000000000
0000000000010001000000000000
0000000000010000000000000000
0000000000110000000000000000
0000000000110000100000000000
0000000000110000100000000000
0000000001000000100000000000
0000000001100000000000000000
0000000000000000010000000000
0000000111000000000000000000
0000001101111111111110000000
0000001111111111111110000000
0000001111111111111111000000
0000001111111111111111000000
0000001111111111111111000000
0000001111111111111111000000
0000001111111111111111000000
0000001111111111111111000000
0000001111111001111111000000
0000001111111111111111000000
0000000111111111111110000000
