0000000000000000000000000000
0000000000000000000000000000
0000000000000000000000000000
0000000000000000000000000000
0000000000000000000000000000
0011000000000000000000000000
0101101001101101000100101100
1100111111111111111111111111
1000111111111111111111111001
1000111111111111111111111001
1000111111111111111111111010
1000111111111111111111111100
1000111111111111111111111000
1100111111111111111111111000
0100111111111111111111111000
0100111111111111111111111000
0110111111111111111111111000
0010011111111111111111111000
0001011111111111111111111000
0000111111111111111111110000
0000011111111111111111100000
0000011111111111111100000000
0000000011111000000000000000
0000000000000000000000000000
0000000000000000000000000000
0000000000000000000000000000
0000000000000000000000000000
0000000000000000000000000000
