0000000000000000000000000000
0000000000000000000000000000
0000000000000000000000000000
0000000000000111000000000000
0000000000011000110000000000
0000000000010000010000000000
0000000000100000001000000000
0000000000100000001000000000
0000000000100000001000000000
0000000110110000001100000000
0001111111111111111111111100
0011111111111111111111111100
0110111111111111111111111100
0101111111111111111111111110
0101111111111111111111111110
1101111111111111111111111110
1011111111111111111111111110
1011111111111111111111111111
1011111111111111111111111111
1011111111111111111111111111
1011111111111111111111111111
1001111111111111111111111111
0111111111111111111111111110
0111011111111111111111111110
0111111111111111111111111110
0001001110000000000000000000
0000000000000000000000000000
0000000000000000000000000000
