0000000000000000000000000000
0000000000000000000000000000
0000000000000000000000000000
0100100000000000000011010010
0111111111111111111111111110
0111111111111111111111111110
1111111111111111111111111110
1111111111111111111111111111
1111111111111111111111111111
1111111111111111111111111111
1111111111111111111111111111
1111111111111111111111111111
0111111111111011111111111111
1111111111111111111111111111
1111111110000000000111111111
1111111111111111111111111111
1111111111111111111111111111
0111111111111111111111111111
0111111111111111111111111110
0111111111111111111111111111
0111111111111111111111111111
0111111111111111111111111110
0000011110111111110111111110
0000000000001111100000000000
0000000000000000000000000000
0000000000000000000000000000
0000000000000000000000000000
0000000000000000000000000000
