0000000000000111000000000000
0000000000001000100000000000
0000000000010000010000000000
0000000000110000011000000000
0000000000100000001000000000
0000000000100000001000000000
0000000000000000001100000000
0000000001000000000100000000
0000000001000000000100000000
0000000001000000000100000000
0000000011000000000100000000
0000111111011111110110100000
0000111111111111111111110000
0000111111111111111111110000
0000111111111101111111110000
0000111111111111111111110000
0000111111111111111111110000
0000111111111111111111110000
0000111111111111111111110000
0000011111111111111111100000
0000011111111111111111100000
0000011111111111111111100000
0000011111111111111111100000
0000001111111111111111000000
0000001111111111111111000000
0000000111111111111111000000
0000000111111111111110000000
0000000011111111111110000000
