0000000000000000000000000000
0000000000000000000000000000
0000000000000000000000000000
0000000000000001101000000000
0000000000000011111111111000
0000000000000111111101111100
0000000000000111111100111100
0000000000000111111111111100
0000000000001111101101111100
0000000000011111110101111110
0000000001101111110101111110
0000000001001111110101111110
0000000010011111110101111110
0000000110111111110101111110
0000001101101111110100111111
0000001001011111100110111111
0000010010011111111111111110
0000100100011111111111111110
0001001000011111111111111110
0010010000011111111111111110
0100100000011111111111111111
1101100000011111111111111110
1011000000001111111111111110
0111100000001111111111111100
0011111110000011111111111000
0000001110000000000000000000
0000000000000000000000000000
0000000000000000000000000000
