0000000000000111000000000000
0000000000011111111000000000
0000000000110000001100000000
0000000011000000000110000000
0000000010000000000010000000
0000000100000000000001000000
0000001100000000000001100000
0000011000000000000000100000
0001111000000000000000111100
0001111110000000000011111100
0001111111100000001111111100
0001111111111101111001111100
0001111111110111111111111100
0001111011111011111111111110
0001111100011011111011110110
0011101111000000000000010011
0010111111111111000111111000
0010111111111111111111111000
0111111111111111111111111000
0111111111111111111111111100
0011111111111111111111111100
0111111111111111111111111100
0101111111111111111111111100
0011111111111111111111111100
0001111111111111111111111100
0001111111111111111111111000
0001111111111111111111110000
0000000111100000000000000000
