0000000000000000000000000000
0000000000000111100000000000
0000000000001000110000000000
0000000000010000010000000000
0000000000010000001000000000
0000000000100000001000000000
0000000000100000001000000000
0000000000100000001000000000
0000000000100000001000000000
0000000000100000001000110000
0000111101100000001011111000
0001101111100000001111111000
0001100011111111111111111000
0001111101111111111111111000
0001111111110111111111111000
0001111111111111111011111000
0001111111111001111101111000
0011111111111111011111111100
0111111111111111100111111010
0111111111111111110111111010
0101111111111111111111111110
1111111111111111111111111110
1111111111111111111111111110
1111111111111111111111111111
0111111111111111111111111111
0111111111111111111111111111
0111111111111111111111111110
0000000000000000000000000000
