0000000000000011000000000000
0000000000000100100000000000
0000000000001100010000000000
0000000000001000010000000000
0000000000011000011000000000
0000000000010000001000000000
0000000000110000001000000000
0000000000100000001100000000
0000000000100000000100000000
0000000000100000000110000000
0000000101100000000110000000
0011111101100000000011000000
0000000001100000000011000000
0000000001100001000010000000
0000000001100001000010000000
0000000001100000000010000000
0000000001000000000010000000
0000000000000000000000000000
0000111111111111111111111110
0000111111111111111111111110
0000111111111111111111111110
0000111111111111111111111110
0000111111111111111111111110
0001111111111111111111111110
0001111111111111111111111110
0000111111111111111111111110
0001111111111111111111111110
0000111111111111111111111100
