0000000000000110000000000000
0000000000000101000000000000
0000000000001001000000000000
0000000000001001000000000000
0000000000001001100000000000
0000000000001000100000000000
0000000000011000100000000000
0000000000010000100000000000
0000000000010000100000000000
0000000000010000100000000000
0000000000010000100000000000
0000000000110000110000000000
0000000000110000110000000000
0000000000110000110000000000
0000000000110110111100000000
0000000011111111111100000000
0000000011111111111100000000
0000000011111111111100000000
0000000011111111111100000000
0000000011111111111100000000
0000000011111111111100000000
0000000011111111111100000000
0000000011111111111100000000
0000000011111111111100000000
0000000011111111111110000000
0000000011111111111110000000
0000000011111111111110000000
0000000011111111111100000000
