0000000000000000000000000000
0000000000000101000000000000
0000000000011000110000000000
0000000000100000010000000000
0000000001100000001000000000
0000000001000000000100000000
0000000001000000000100000000
0000000001000000000000000000
0000011111111111111011111000
0011111111111111111111111110
0010000000111111111010111110
0011110000000000001100111110
0011111000100001001111111110
0011111111111111111111111110
0011111111111111111111111110
0011111111111100111111111110
0011111111111111111111111110
0011111111111111111111111110
0011111111111111111111111110
0011111111111111111111111110
0011111111111111111111111110
0011111111111111111111111110
0011111111111111111111111110
0010011111111111111111111110
0111001111111111111111111110
0111111111111111111111111110
0111111110000000000000000000
0000000100000000000000000000
