0000000000000000000000000000
0000000000000000000000000000
0000000000000000000000000000
0000000000000000000000000000
0000000000000000000000000000
0000000000000000000000000000
0000000000000000000000000000
0000000000000000000000000000
0000000000000000000000000000
0001111111111111111111111110
0001111111111111111111111110
0001111111111111111111111111
0001111111111111111111111111
0001111111111111111111111111
0001111111111111111111111111
0001111111111111111111111111
0001111111111111111111111111
0001111111111111111111111111
0101111011101111111111111110
0101010000000000000000000000
0000000000000000000000000000
0000000000000000000000000000
0000000000000000000000000000
0000000000000000000000000000
0000000000000000000000000000
0000000000000000000000000000
0000000000000000000000000000
0000000000000000000000000000
