0000000000000111000000000000
0000000000011000100000000000
0000000000110000010000000000
0000000000100000001000000000
0000000001000000001000000000
0000000001000000000100000000
0000000001000000000100000000
0000000001000000001100000000
0000000000000000000000000000
0001111111101111101100001000
0001111110111111111111111100
0001111111111111111111111100
0001111111111111111111111100
0001111111111111111111111100
0001111111111111111111111100
0001111111111111111111111100
0001111111111111111111111110
0001111111111111111111111110
0011111111111111111111111110
0011111111111111111111111110
0011111111111111111111111110
0011111111111111111111111110
0011111111111111111111111110
0011111111111111111111111110
0011111111111111111111111110
0011111111111111111111111110
0011111111111111111111111100
0011111111111111111111111100
