0000000000000000000000000000
0000000000000000000000000000
0000000000000000000000000000
0000000000000000000000000000
0000000000000000000000000000
0000010000000000000000000000
0001111111111111111111110000
0011111111111111111111111100
0011111111111111111111111100
0011111111111111111111111000
0001111111111111111111111000
0001111111111111111111111000
1101111111111111111111111001
1001111111111111111111111001
1001111111111111111111111001
1001111111111111111111110001
1001111111111111111111110011
1001111111111111111111110010
1111111111111111111111111100
0111111111111111111111110000
0111111111111111111111110000
0111111111111111111111110000
0000010000100000000000000000
0000000000000000000000000000
0000000000000000000000000000
0000000000000000000000000000
0000000000000000000000000000
0000000000000000000000000000
