0000000000000000000000000000
0000000000000000000000000000
0000000000000111000000000000
0000000000001001000000000000
0000000000001001000000000000
0000000000011001100000000000
0000000000010000100000000000
0000000000110000110000000000
0000000111110000111110000000
0111101111111111111111000000
0111111111111111111111111110
1111111111111111111111111110
0111111111111111111111111110
0111111111111111111111111111
0111111111111111111111111100
0111111111111111111111111100
0011111111111111111111111100
0011111111111111111111111100
0011111111111111111111111100
0011111111111111111111111000
0011111111111111111111111000
0011111111111111111111111000
0011111111111111111111111000
0011111111111111111111111000
0011111111111111111111110000
0001111111111111111111110000
0000000000111111111111100000
0000000000000000000000000000
