0000000000000000000000000000
0000000000000000000000000000
0000000000000000000000000000
0000000000000000000000000000
0000000000000000000000000000
0000000000000000000011110000
0000001111111101011101111100
0000011000111111111111110110
0001110111111111110111111010
0011100000000000111111111010
0011100110111110111111111111
0111110111011001111111111101
0111111111101101111111111111
1111111111101111111111111100
0111110011100111111111111100
0010111111011111111111111110
0011100000111100111111111111
0011101111101100001111111111
0011111100000000000000011110
0011100011111000011000000011
0001100000001100000000000010
0001111011110000000000000000
0001111111111111111111111110
0000100110011000000000000000
0000000000000000000000000000
0000000000000000000000000000
0000000000000000000000000000
0000000000000000000000000000
