0000000000001111000000000000
0000000000010000100000000000
0000000000010000110000000000
0000000000100000110000000000
0000000000100000110000000000
0000000000100000010000000000
0000000000100000010000000000
0000000000100000010000000000
0000000000100000010000000000
0000000000100000010000000000
0000000000100000010000000000
0000000000100000010000000000
0000000000100000011000000000
0011110001100000011000011100
0001111111111111111111111000
0000111111111111111111110000
0000111111111111111111111000
0000111111111111111111111000
0000111111111111111111111000
0000111111111111111111110000
0000111111111111111111110000
0000111111111111111111111000
0000111111111111111111110000
0000111111111111111111110000
0000111111111111111111110000
0000111111111111111111110000
0000111111111111111111110000
0000011111111111111111110000
