0000000000000000000000000000
0000000000000000000000000000
0000000000000000000000000000
0000000000000000000000000000
0000000000000000000000000000
0111100000000000000000000000
0111111111111111111111111000
0011111111111111111111111000
0111111111111111111111111000
0010111111111111111000001000
0011111111111111111111111000
0011111111111111111111111110
0011111111111111111111111100
0111111111111111111111111100
0011111111111111111111111100
0011111111111111111111111100
0011111111111111111111111100
0011111111111111111111111100
0011111111111111111111111100
0011111111111111111111111100
0011111111111111111111111100
0011111111111111111111111000
0011111111111111111111111000
0000000001011111111111111000
0000000000000000000000000000
0000000000000000000000000000
0000000000000000000000000000
0000000000000000000000000000
