0000000000000000000000000000
0000000000011000110000000000
0000000000100000011000000000
0000000000100000001000000000
0000000001000000001000000000
0000000001000000001100000000
0000000001000000000100000000
0000000001000000000100000000
0000000001000000000100000000
0000011111111111101110100000
0011111111111111111111110100
0011111111111111111111111110
0011111111111111111111111110
0011111111111111111111111100
0011111011110000011111111100
0011111111110000011111111100
0001111111111111111101111100
0001111111111111111101111100
0101111111111111111100111100
0101111111111111111101111100
1001111111111111111111111100
1001111111111111111111111000
1001111111111111111111111000
0000111111111111111111111000
0000111111111111111111111000
0011111111111111111111111000
0011111111111111100000000000
0000000000000000000000000000
