0000000000000000000000000000
0000000000000000000000000000
0000000000000000000000000000
0000000000000000000000000000
0000000000000000000000000000
0000000000000000000000000000
0000111111101111111111111100
0001111111111111011110001100
0011111111111111111100001100
0010110111110111111111101110
0100111111011111111111011110
1000111111001111111110111110
1000111111111111111111111110
1000111001111111111111111110
1000111110111111111111111111
1000111111011111111111111111
0100111110101111111111111111
0110111111110111111111111011
0011111111111100011111111110
0001111111111100111111111110
0000111111111100111111111100
0000111111111111111111111100
0001111111111111111111111100
0000011111100000000000000000
0000000000000000000000000000
0000000000000000000000000000
0000000000000000000000000000
0000000000000000000000000000
