0000000000000000000000000000
0000000000000000000000000000
0000000000000000000000000000
0000000000000000000000000000
0000000000000000000000000000
0000000000000000000000000000
0000000000000000000000000000
0000000000000000000000000000
0111010100000000000000011110
0111110001111100011111111110
0111111101111111111111111110
0111111111111111111111111110
0111111111111111101111111111
0111111000000011110111111110
0111111111111111111111111111
0100000000111011010110111111
0111111111111111111111111111
0111111111111111111111111110
0011111100000000000000001100
0110111111111111111100000010
1111110000100000000000000000
0000000000000000000000000000
0000000000000000000000000000
0000000000000000000000000000
0000000000000000000000000000
0000000000000000000000000000
0000000000000000000000000000
0000000000000000000000000000
