0000000000000000000000000000
0000000000000000000000000000
0000000000000000000000000000
0000000000000000000000000000
0000000010000000000100000000
0111111111111111111111111110
0111101111111111111111111110
1111101111111111111011111111
1111101111111111111111111111
1111111111111111111111111111
1111110111111111111110111111
1101110111111111111110111111
1101111111111111011101111111
1111111111101110011101111111
1111111011101110111111111111
1111111011101110111111111111
1111111111111111111111111111
1111111111111111111111111111
1111111111111111111111111111
1111111111111111111111111111
1111111111111111111111111111
1111111111111111111111111111
0111111111111111111111111111
0111111111111111111111111111
0111111111111111111111111110
0000000000000000000000000000
0000000000000000000000000000
0000000000000000000000000000
