0000000000000000000000000000
0000000000000000000000000000
0000000000000000000000000000
0000000000000000000000000000
0000000000000000000000000000
0000000000000000000000000000
0011111111111111111111111010
0011111111111111111111111110
0111111111111111111111111111
0111111111111111111111111111
0011111111111111111111111110
0011111111111111111111111110
0011111111111111111111111100
0011111111111111111111111100
0011111111111111111111111100
0111111111111111111111111100
0111111111111111111111111100
0111111111111001111111111100
0101111111111111111111111100
0101111111111111111111111100
0111111111111111111111111100
0111111111111111111111111000
0111111110000000000000000000
0000000000000000000000000000
0000000000000000000000000000
0000000000000000000000000000
0000000000000000000000000000
0000000000000000000000000000
