0000000000000000000000000000
0000000000000000000000000000
0000000000000000000000000000
0000000000000000000000000000
0000000000000000000000000100
0001101000000000000000011100
1011101111111111111111111110
1111111111111111111111111110
1111111111111111111111111111
0111111111111111111111111111
0101111111111111111111111110
0111111111111111111111111110
0111111111111111111111111110
0111111111111111111111111110
0110111111111111111111111110
0100111111111111111111111100
0111111111111111111111111100
0111111111111111111111111100
0111111111111111111111111100
0111111111111111111111111100
0011111111111111111111111100
0010111111111111111111111000
0011111111111111111111110000
0000001111111111111111000000
0000000000000000000000000000
0000000000000000000000000000
0000000000000000000000000000
0000000000000000000000000000
