0000000000000110000000000000
0000000000001101000000000000
0000000000001001100000000000
0000000000001001100000000000
0000000000011000100000000000
0000000000011000100000000000
0000000000011000110000000000
0000000000010000110000000000
0000000000010000110000000000
0000000000110000110000000000
0000000000110000010000000000
0000000000110000010000000000
0000000111111111011110000000
0000000111111111111111000000
0000000111111111111110000000
0000000111111111111110000000
0000000111111111111111000000
0000000111111111111110000000
0000000111111111111110000000
0000000111111111111110000000
0000000111111111111110000000
0000000111111111111110000000
0000000011111111111110000000
0000000011111111111110000000
0000000011111111111110000000
0000000011111111111110000000
0000000011111111111110000000
0000000011111111111110000000
