0000000000000000000000000000
0000000000000000000000000000
0000000000000000000000000000
0000000000000000000000000000
0000000000000000000000000000
0111000000000000000000111110
1111111111111111111111111111
1111111111111111111111111111
1111111111111111111111111111
1101111111111111111111111111
1111111111111111111111111111
1111111111111111111111111111
1111011111111111111111111111
1101111111111111111111111111
1101111100110111111110111111
1101111011111111111111111111
1101111111111111111111111111
1101111111111111111111111111
1101111111111111111111111011
1101111111111111111111111011
1101111110000011111111111110
1111111111111111111111111100
0000000001100000000000000000
0000000000000000000000000000
0000000000000000000000000000
0000000000000000000000000000
0000000000000000000000000000
0000000000000000000000000000
