0000000000000000000000000000
0000000000000000000000000000
0000000000000000000000000000
0000000000000000000000000000
0000000000000000000000000000
0000000000000000000000000000
0000000000000000000000000000
0000001000000001110000000000
0000011111111111111111111110
0001111111111111111111111110
0010111111111111111111111100
0100111111111111111111111100
1100111111111111111111111100
1100111111111111111111111100
0100111111111111111111111100
0110011111111111111111111100
0010011111111111111111111100
0001011111111111111111111100
0000111111111111111111111100
0000011111111111111111111100
0000011111111111111111111000
0000000111111000000000000000
0000000000000000000000000000
0000000000000000000000000000
0000000000000000000000000000
0000000000000000000000000000
0000000000000000000000000000
0000000000000000000000000000
