0000000000000000000000000000
0000000000000000000000000000
0000000000000000000000000000
0000000000000000000000000000
0000000000000000000000000000
1101001110000000000000000110
1100000000000111010000001000
1100000000001111000100000000
1100000000011111101110111100
1000000000011111111011110110
0010000000001111111000000110
0010000000000111110000111110
0010000000000011101101111111
0010000000000110111111111111
0010000000001100011011111111
0010000000101100001101011111
0010000000000110010111100010
0010000000010110111111101110
0010000000000100111100111110
0000000000101101111110111100
0110000110101101111111111111
0000000000000111111111111111
0011111111111011111111100111
0000000000000000000000000000
0000000000000000000000000000
0000000000000000000000000000
0000000000000000000000000000
0000000000000000000000000000
