0000000000000000000000000000
0000000000000000000000000000
0000000000000000000000000000
0000000000000000000000000000
0000000000000000000000000000
0000000000000000000000000000
0000000000000000000000000000
0000011111111111111111000100
0000111111111111111111111110
0001011111111111111011111110
0010011111111111110111111110
0110111111011111110111111110
0100111111010111111111111110
1100111111111111111111111110
0100111111111111111111111110
0100111111111111111111111110
0010111111111111111111111110
0011111111111110111111111110
0001111111111111111111111110
0000111111111111111111111110
0000111111111111111111111110
0000111111110000000000000000
0000000000000000000000000000
0000000000000000000000000000
0000000000000000000000000000
0000000000000000000000000000
0000000000000000000000000000
0000000000000000000000000000
