0000000000000000000000000000
0000000000000000000000000000
0000000000000000000000000000
0000000000000011110000000000
0000000011111111111111000000
0000001111111111111111110000
0000011111111111111111111000
0000111111111111111111111100
0000111111111111111111111110
0001111111111111111111111110
0011111111111111111111111110
0111111111111111111111111111
0101111111111111111111111111
0001111111111111111111111111
0011111111111111111111111111
0011111111111111111111111111
0111111111111111111111111111
0111111111111111111111111111
0111111111111111111111111111
0111111111111111111111111111
0111111111111111111111111111
0100111110000000000000001110
0011111100000000000000000000
0000000000000000000000000000
0000000000000000000000000000
0000000000000000000000000000
0000000000000000000000000000
0000000000000000000000000000
