0000000000000111000000000000
0000000000011101110000000000
0000000000110000011000000000
0000000000100000000100000000
0000000001000000000110000000
0000000000000000000000000000
0000000010000000000010000000
0000000010000000000001000000
0000000110000000000001000000
0000001100000000000000100000
0000011000000000000000100000
0000011000000000001000010000
0000011011111111111100010000
0000011111111011011111010000
0000110010111111111101110000
0000111110111111101110110000
0000101111111011111111111000
0000101111111111111111111000
0000111111111111111111111000
0000111111111111111111111000
0000111111111111111111111000
0000111111111111111111111000
0000111111111111111111111000
0000011111111111111111111000
0000011111111111111111110000
0000001111111111111111110000
0000001111111000000000000000
0000000111111000000000000000
