0000000000000111000000000000
0000000000011101110000000000
0000000000011000011000000000
0000000000110000001000000000
0000000000100000001100000000
0000000001000000000100000000
0000000001000000000100000000
0000000001000000000100000000
0000000001000000000110000000
0000000001000000000110000000
0000111011101100111111001000
0000111110111111111101011100
0000110111111111111111101000
0000111010111111111111111100
0000110011011111110111001100
0001111111111111111111111100
0001110101111111011110101100
0000111010111111111111111100
0000110001111111111111001100
0000111011011111111111011100
0001110011011111101111001100
0000111001101100110111111100
0010100111111100111111101100
0010111110111000011111111100
0001111111101100110110001100
0001111111111111111111111000
0001000000111111111111111000
0000000001000000000000000000
