0000000000000000000000000000
0000000000000000000000000000
0000000000000000000000000000
0000000000000001111000000000
0000000000000110001100000000
0000000000001100000110000000
0000000000001000000010000000
0000000000010000000001000000
0000000011110000000000111000
0000001111001111111111111110
0011011111111111111111111111
0111111111111111111111111111
1100011111111111111111111110
1000011111111111111111111111
1000011111111111111111111111
1000011111111111111111111110
1000011111111111111111111110
0100011111111111111111111110
0110011111111111111111111110
0001111111111111111111111110
0000111111111111111111111110
0000011111111111111111111110
0000011111111111111111111110
0000011111111111000000000000
0000000000111000000000000000
0000000000000000000000000000
0000000000000000000000000000
0000000000000000000000000000
