0000000000000000000000000000
0000000000000000000000000000
0000000000000000000000000000
0000000000000000000000000000
0000000000000000000000000000
0110101110000000000000000110
0111101111000000000000111111
0110111000000000000000001110
0110101010111110001000000000
0110111011111111111111000000
0100111111111111111011001000
1100110111111111111111111000
1101111111111111111111001100
1001111111111111111111101000
1001101111111111111111111000
1001101111111111111111101000
1001111111111111111111111100
1001111111111111111111111100
1101111111111111111111111000
0100000001111111111111111100
0111111101111111111110011110
0011111111110111110000011110
0000000001101100001000000000
0001000000000000000000000000
0000000000000000000000000000
0000000000000000000000000000
0000000000000000000000000000
0000000000000000000000000000
