0000000000000000000000000000
0000000000000000000000000000
0000000000000000000000000000
0000000000000000000000000000
0000000000011111100000000000
0000000000111001110000000000
0000000000100000010000000000
0000000001100000011000000000
0000000011100000011000000000
0001111111111111111100000000
0011111111111111111111111000
0111111111111111111111111100
0111111111111111111111111100
1111111111111001111111111110
1111111111111111111111111110
1111111111111111111111111111
1111111111111111111111111111
1111111111111111111111111111
1111111111111111111111111111
1111111111111111111111111111
1111111111111111111111111110
1111111111111111111111111110
0111111111111111111111111111
0000100000000001111101111110
0000000000000000111000000000
0000000000000000000000000000
0000000000000000000000000000
0000000000000000000000000000
