0000000000000000000000000000
0000000000000001000000000000
0000000000000110110000000000
0000000000001100011000000000
0000000000001000001000000000
0000000000011000000100000000
0000000000010000000100000000
0000000000010000000100000000
0000000000010000000110000000
0000000000110000000010000000
0000000000110000000010000000
0000001000110000110011010000
0000011111111111111111111100
0000011111111111111111111110
0000111111111111111111111110
0001111111111111111111111110
0001111111111111111111111111
0011111111111111111111111111
0010111111111111111111111111
0010111111111111111111111111
0010111111111111111111111111
0100111111111111111111111111
0100111111111111111111111111
0100111111111111111111111111
0010111111111111111111111111
0001111111111111111111111111
0001111111111111111111111110
0000000110100000000000000000
