0000000000000000000000000000
0000000000000000000000000000
0000000000000000000000000000
0000000000000000000000000000
0000000000000000000000000000
0000000000111111100000000000
0010001111111111111111000000
0100111111111111111111110000
0101111111111111111111111010
0111111111111111111111111110
0111111111111111111111111110
0101111111111111111111111110
0101111111111111111111111110
0101111111111111111111111110
0111111111111111111111111110
0111111111111111111111111100
0110111111111111111111111100
0110111111111111111111111100
0011111111111111111111111000
0011111111111111111111110000
0111111111111111111111110000
0111111111111111111111100000
0111111000111111101010000000
0000000000000000000000000000
0000000000000000000000000000
0000000000000000000000000000
0000000000000000000000000000
0000000000000000000000000000
