0000000000000011100000000000
0000000000001110111000000000
0000000000010000001000000000
0000000000111111111100000000
0000000011111111111111000000
0000000111111111011111100000
0000001111111111001111110000
0000001111111111111111110000
0000001111111111111111110000
0000011111111111111111110000
0000111111111111111111110000
0000111111011111111111110000
0000011111111111111111111000
0000111111111101111111111000
0000111111111101111011111000
0000111111111111111011110000
0000111111111111111111110000
0000111111111111111111110000
0000111100111111111111110000
0000111111111111111111010000
0000111111111111111111110000
0000111111111111111111110000
0000111111111111111111110000
0000111011111001111111110000
0000110111111111110011110000
0000110011111111111111100000
0001110000111111111110000000
0000100000000000000000000000
