0000000000001110000000000000
0000000000011011000000000000
0000000000110001000000000000
0000000000100001100000000000
0000000000100000100000000000
0000000001100000110000000000
0000000001000000010000000000
0000000001000000011000000000
0000000011000000011000000000
0000000010000000001000000000
0000000100000000000100000000
0000000000000000000100000000
0000000100000000000110000000
0000000110000000001100000000
0000000111000000011100000000
0000000111111111111100000000
0000000111111111111110000000
0000000111111111111110000000
0000000111111111111110000000
0000000111111111111110000000
0000000111111111111110000000
0000001111111111111110000000
0000001111111111111110000000
0000001111111111111110000000
0000001111111111111111000000
0000001111111111111110000000
0000001111111111111110000000
0000000011111111111100000000
