0000000000000011000000000000
0000000000000111110000000000
0000000000001100010000000000
0000000000001000001000000000
0000000000001000001000000000
0000000000011000001000000000
0000000000010000001100000000
0000000000110000001100000000
0000000000110000001100000000
0000000000110000000110000000
0000000001111111111110000000
0000011111111111111111011000
0000011111111111111111111000
0000011111111111111111111000
0000111111111111111111111000
0000101111111111111111111000
0000101111111111111111111000
0000101111111111111111111000
0001111111111111111111111000
0001001111111111111111111000
0001001111111111111111111000
0001001111111111111111111000
0001101111111111111111111000
0000101111111111111111111000
0000011111111111111111110000
0000001111111111111111110000
0000011111111111111111000000
0000000011110000000000000000
