0000000000000111100000000000
0000000000001100010000000000
0000000000011000001000000000
0000000000110000001110000000
0000000001100000000110000000
0000000001100000000000000000
0000000001000000000000000000
0000000000000000000000000000
0000000001000000000000100000
0000000111111111111011110000
0000000111111111111111110000
0000000111111111111111110000
0000000111111111111111110000
0000001111111111111111110000
0000001111111111111111110000
0000001111111111111111110000
0000001111111111111111110000
0000010111111111111111110000
0000010111111111111111110000
0000110111111111111111110000
0000100111111111111111110000
0000100111111111111111110000
0000011111111111111111110000
0000001111111111111111110000
0000001111111111111111110000
0000001111111111111111111000
0000011111111111111111111000
0000000001110000000000000000
