0000000000000000000000000000
0000000000000000000000000000
0000000000000000000000000000
0000000000000000000000000000
0000000111000000000000000000
0011111111111111111111100110
0010000000000000001000001010
0110000000000000000000000000
0110011110110111111111100000
0110011111111111111101100000
0111011111111111111101100010
0011111111111111111111100010
0011111111111111111111110010
0011011111111111111111110110
0011011111111111111111110010
0011111111111111111111100010
0011111111111111111111110110
0001111111111111111101110010
0011111111111111111101110110
0011111111111111111111111010
0011111111111111111111111000
0111111111111111111111111000
1111111111111011111001111110
0011111111111100000000000000
0000000000000000000000000000
0000000000000000000000000000
0000000000000000000000000000
0000000000000000000000000000
