0000000000000110000000000000
0000000000000110000000000000
0000000000000100000000000000
0000000000000100000000000000
0000000000000110000000000000
0000000000000111000000000000
0000000000000001000000000000
0000000000000101000000000000
0000000000001101000000000000
0000000000001101000000000000
0000000000001001000000000000
0000000000001001000000000000
0000000000011001100000000000
0000000000010000110000000000
0000000000010000110000000000
0000000000010000110000000000
0000000000010000110000000000
0000000000110000110000000000
0000000000111111111000000000
0000000000111111111000000000
0000000001111111111000000000
0000000001111111111100000000
0000000001110111011100000000
0000000001111111111100000000
0000000001111111111100000000
0000000001110111111100000000
0000000001111111111000000000
0000000000111111111000000000
