0000000000000000000000000000
0000000000000000000000000000
0000000000000000000000000000
0000000000000000000000000000
0000000000000000000000000000
0000111111111111111111111000
0001111111111111111111111100
0011111111111111111111111110
0111111111111111111111110110
0111111111111111111111110110
0111111111111111111111111100
0110111111111111111111111000
0010111111111111111111111000
0010111111111111111111110000
0010111111111111111111110000
0010011111111111111111110000
0011011111111111111111110000
0011011111111111111111110000
0011001111111111111111100000
0001101111111111111111100000
0001101111111111111111100000
0000011111111111111111000000
0000001111111111111111000000
0000001111111111111110000000
0000000011111100000000000000
0000000000000000000000000000
0000000000000000000000000000
0000000000000000000000000000
