0000000000000000000000000000
0000000000000011100000000000
0000000000000100011000000000
0000000000001000001100000000
0000000000011000000100000000
0000000000010000000100000000
0000000000010000000100000000
0000000000011000000100000000
0000011111111111111111110000
0000011111111111111111111100
0000011111111111111111111100
0000011111101111111111111100
0000011111111111111111111100
0000011111111111111111111100
0000011111101111111111111100
0000011111111111111111111100
0000111111001111111111111100
0000111111111111111111111100
0001111111111111111111111100
0001111111111111111111111100
0011011111101111111111111110
0010111111111111111111111110
0010111111111111111111111110
0000111111111111111111111110
0001111111111111111111111110
0001111111111111111111111110
0001111111111111000000000000
0000000000000000000000000000
