0000000000000011100000000000
0000000000000100010000000000
0000000000001000000000000000
0000000000001000001000000000
0000000000011000001000000000
0000000000010000001000000000
0000000000010000001000000000
0000000000010000001000000000
0000000000010000001100000000
0000000000010000001100000000
0000000000010000001100000000
0000000000010000001100000000
0000111111111111111111111100
0001011111111111111111111100
0000011111111111111111111100
0000011111111111111111111100
0000011111111111111111111000
0000011111111111111111111000
0000011111111111111111111000
0000011111111111111111111000
0000011111111111111111111000
0000011111111111111111111000
0000001111111111111111111000
0000001111111111111111111000
0000001111111111111111111000
0000001111111111111111111000
0000001111111111111111111000
0000000111111111111111110000
