0000000000000000000000000000
0000000000001111100000000000
0000000000010000110000000000
0000000000100000011000000000
0000000000100000001000000000
0000000001100000001000000000
0000000001100000001000000000
0000000001000000001100000000
0000000001000000001001111000
0000111111111111111111111000
0000111111111111111111111000
0000111111111111111111111000
0000111111111111111111111000
0000111111111111111111111000
0000111111111111111111111000
0001111111111111111111111000
0001111111111111111111111000
0001011111111111111111111000
0011011111111111111111111000
0011111111111111111111111000
0000111111111111111111111000
0000111111111111111111111000
0000111111111111111111111000
0000111111111111111111111000
0000111111111111111111111000
0000111111111111111111111000
0000111111111111111111111000
0000111111111111111111111000
