0000000000000000001000000000
0000000111100000111100000000
0000001111110011111100000000
0000001011111111111100000000
0000010111111111111110000000
0000010111111111111110000000
0000010111111111111110000000
0000111111111111111111100000
0000111111111111111110111100
0000111111111111111111001100
0000111111111111111111001000
0000111111111111111111000000
0000111111111111111111100000
0000011111111111111111100000
0000011111111111111111100000
0000011111111111111111100000
0000111111111111111111110000
0000111111111111111111110000
0000111111111111111111110000
0000111111111111111111110000
0000111111111111111111110000
0000111111111111111111110000
0001111111111111111111111000
0001111111111111111111111000
0001111111111111111111110000
0000011111111111111111000000
0000001111111111100000000000
0000000000000000000000000000
