0000000000000000000000000000
0000000000000001110000000000
0000000000000010001000000000
0000000000000110000100000000
0000000000000100000110000000
0000000000001000000110000000
0000000000001000000011000000
0000000000001000000011000000
0000000000001111110011000000
0000000011111111111111111000
0000001110011011110001111100
0000011101111111110011110010
0000101111111111111111111111
0001001111111111111111111111
0010011111111111111111111110
0100011111111111111111111111
0100011111111111111111111111
1000011111111111111111111111
1000011111111111111111111111
1000011111111111111111111110
1000101111111111111111111110
0100101111111111111111111110
0100101111111111111111111110
0011001111111111111111111110
0001001111111111111111111110
0001011111111111111111111110
0010000111111111100000000000
0000000000000100000000000000
