0000000000000001110000000000
0000000000000010010000000000
0000000000000110001000000000
0000000000000100001000000000
0000000000000100001100000000
0000000000001100001100000000
0000000000001000000100000000
0000000000011000001110000000
0000000000011000000100000000
0000000000010000000000000000
0000000000010000000101000000
0000000000110000000101000000
0000000000110000000000000000
0000000001100000000000000000
0000000011111111111111110000
0000000011111111111111110000
0000000111111111111111110000
0000000111111111111111111000
0000000111111111111111111000
0000010111111111111111111000
0000110111111111111111111000
0000110111111111111111111000
0000010011111111111111111000
0000010111111111111111111000
0000010011111110011111111000
0000001111111111111111111000
0000000111111111111111110000
0000000011111110000000000000
