0000000000000000000000000000
0000000000000000000000000000
0000000000000000000000000000
0000000000000000000000000000
0000000000000000000000000000
0000000000000000000000000000
0000000000000000000000000000
0000000000000000000000000000
0111000000001111000000001110
0111111111111111111111111110
0111111111111111111111111110
1111111111111111111111111110
1111111111111111111111111110
1111111111111111111111111110
1111111111111111111111111110
1111111111111111111111111110
1111111111111111111111111110
1111111111111111111111111111
1111111111111111111111111111
1111111111111111111111111111
1111111111111111111111111111
0000000000000000000000000000
0000000000000000000000000000
0000000000000000000000000000
0000000000000000000000000000
0000000000000000000000000000
0000000000000000000000000000
0000000000000000000000000000
