0000000000001111000000000000
0000000000011000100000000000
0000000000110000010000000000
0000000000100000010000000000
0000000000100000011000000000
0000000000100000011000000000
0000000001100000011000000000
0000000001100000011000000000
0000000000100000011000000000
0000000000100000011000000000
0000000000100000011000000000
0000000000100000011000000000
0000000000100000011000000000
0000000011111111111110000000
0000001111111111111111100000
0000011111111111111111110000
0000011111111111111111110000
0000001111111111111111100000
0000001111111111111111100000
0000001111111111111111100000
0000001111111111111111100000
0000001111111111111111100000
0000001111111111111111100000
0000001111111111111111100000
0000001111111111111111100000
0000001111111111111111100000
0000011111111111111111110000
0000011111111111111111110000
