0000000000000111100000000000
0000000000001100011000000000
0000000000010000001000000000
0000000000110000001100000000
0000000000100000000100000000
0000000001100000000100000000
0000000001000000000100000000
0000000001000000000110000000
0000000001000000000110000000
0000000001000000000110000000
0000111111111111111111110000
0001111111111111111111111100
0001111111111111111111111100
0001111111111111111111111100
0010111111111111111111111100
0010111111111111111111111100
0010111111111111111111111100
0010011111111111111110011000
0010011111111111111111111000
0011011111111111111111111000
0001011111111111111111111000
0001011111111111111111111000
0001011111111111111111111000
0001111111111111111111110000
0000111111111111111111110000
0000100011110000000000000000
0000111111110000000000000000
0000001111100000000000000000
