0000000000000111000000000000
0000000000001101110000000000
0000000000011000010000000000
0000000000110000001000000000
0000000000100000001100000000
0000000001100000000110000000
0000000001000000000010000000
0000000010000000000011000000
0000000110000000000001100000
0000000100000000000000100000
0000000100000011100000110000
0000001111111111111111110000
0000001111111111111111110000
0000001111111111111111110000
0000001111111111111111111000
0000001111111111111111111000
0000001111111111111111111000
0000001111111111111111110000
0000001111111111111111110000
0000011111111111111111110000
0000011111111111111111110000
0000011111111111111111110000
0000011111111111111111110000
0000001111111111111111110000
0000000111111111111111100000
0000010111111111111111100000
0001111111111111111111100000
0000111111110000000000000000
