0000000000000000000000000000
0000111111111111000011100000
0001111111111111111111111000
0010011111111111111111101000
0110011111111111111111100100
0100011111111111111111100000
0100011111111111111111100100
0100011111111111111111100110
0100011111111111111111100010
0000011111111111111111100010
0000011111111111111111100000
0000011111111111111111100000
0000011111111111111111100000
0000011111111111111111100000
0000011111111111111111100100
0000011111111111111111100101
0000011111111111111111100000
0000011111111111111111100000
0100011111111111111111100000
0100011111111111111111110000
0010011111111111111111110000
0010011111111111111111110000
0011011111111111111111110100
0001011111111111111111110100
0000111111111111111111111000
0000011000000000000011110000
0000000000000000000000000000
0000000000000000000000000000
