0000000000000000000000000000
0000000000000010010000000000
0000000000000100010000000000
0000000000001000001000000000
0000000000001000001000000000
0000000000001000001000000000
0000000000011000000100000000
0000000000011000000100000000
0000000000001000000100000000
0000011111011011101111111110
0000111111111111111111111110
0000111111111111111111111110
0000111111111111111111111110
0000111111111111111111111110
0000111111111111111111111110
0001111111111111111111111110
0001111111111111111111111110
0001111111111111111111111110
0010111111111111111111111110
0010111111111111111111111110
0010111111111111111111111110
0110111111111111111111111110
0000111111111111111111111111
0000111111111111111111111111
0001111111111111111111111111
0001111111111111111111111111
0001111111111111111111111111
0000000000000000000000000000
