0000000000000000000000000000
0000000000111110011100100000
0000000111111111011101111000
0000001111111100011001111100
0000001111101100111101111100
0000001111101111111101111100
0000001111110111111110111000
0000101111111111111111111000
0001001111111111110111111100
0001011101111111100111111100
0001011011111111111111111100
0001011011111111111111101100
0001010110000100100001110100
0001011111111111111111111100
0011011111111111111111111100
0011011111111111111111111100
0011011111111111111111111100
0001011111111100011111111100
0001001111111000011111111100
0001001111111111111111111100
0001101111111111111111111000
0000101111111111111111111000
0000011111111111111111111000
0000011111111111111111111000
0000111111111111111111111000
0000011111111101111111000000
0000000111111100000000000000
0000000000000000000000000000
