0000000000000000000000000000
0000000000000000000000000000
0000000000000000000000000000
0000000000000000000000000000
0000000000000000000000000000
0000000000111111110000000000
0000000111000000001100000000
0000011111111111111111111000
0000111011111111111111111000
0000110000000000000101111000
0011101110010111111011111000
0011101111111111111111111100
0111101111111111111110111110
0011101111111111111111011110
0111101011111111111111101111
0101111110111111111111111100
1101011101111111111111111100
0101011011011111111111111100
0111010110111111111111111100
0001101101111111111111111100
0011111111111111111111111000
0011111011111111111111100000
0001111011100000000110000000
0000000000000000000000000000
0000000000000000000000000000
0000000000000000000000000000
0000000000000000000000000000
0000000000000000000000000000
