0000000000000000000000000000
0000000000000100100000000000
0000000000001000010000000000
0000000000010000001000000000
0000000000100000001000000000
0000000000100000000100000000
0000000001000000000110000000
0000000001000000000010000000
0000000010000000000001000000
0000000110000000000001000000
0000111111111111111111111100
0000111111111111111111111100
0000111111111111111111111100
0000111111111111111111111100
0000111111111111111111111100
0000111111111111111111111100
0001111111111111111111111100
0001111111111111111111111100
0011111111111100111111111100
0010111111111000111111111100
0111111111111100111111111100
0101111111111111111111111110
0101111111111111111111111110
0101111111111111111111111110
0001111111111111111111111110
0011111111111111111111111110
0011111111111111111111111100
0000000011110000000000000000
