0000000000000000000000000000
0000000000001111110000000000
0000000000010000010000000000
0000000000100000001000000000
0000000000100000000100000000
0000000001000000000100000000
0000000001000000000100000000
0000000001000000000100000000
0000000001000000001100000000
0000000001111111111100000000
0000001111111111111111000000
0000111111111111111111110000
0000111111111111111111110000
0011111111111111111111111000
0011111111111111111111111100
0111111111111111111111111100
0011111111111111111111111110
0011111111111111111111111110
0011111111111111111111111100
0011111111111111111111111100
0011111111111111111111111100
0011111111111111111111111100
0011011111111111111111111100
0011111111111111111111101100
0011111111111111111111111100
0001111111111111111111111000
0001111111111111111111111000
0000000111111111111111000000
