0000000000000000000000000000
0000000000000000000000000000
0000000000000000000000000000
0000000000000000000000000000
0000000000000000000000000000
0000000000000000000000000000
0000000000000000000000000000
0000000011111111111111110000
0000111111111111111111111100
0000111111111111111110011110
0001111111111111111111111110
0011111111111111111111111110
0110111111111111111111111110
0001111111111111111111111110
0111111111111111111111111110
1111111111111111111111111110
0111111111111111111111111110
0111111111111111111111111110
0000111111111111111111111110
0001111111111111111111111110
0000111111111110000111111100
0000000000000000000000000000
0000000000000000000000000000
0000000000000000000000000000
0000000000000000000000000000
0000000000000000000000000000
0000000000000000000000000000
0000000000000000000000000000
