0000000000000000000000000000
0000000000100000001000000000
0000000000000000000100000000
0000000000000000000000000000
0000000100000000000000000000
0000000100000000000010000000
0000000100000000000000000000
0001111110000000000001111000
0011111111111111111111111110
0111111111111111111111111110
0111111111111111111111111111
0111111111111111111111111010
0111111111111111111111111010
0111111111111111111111111110
0111111111111111111111111110
0111110001111111111111111110
0111100001111111111111111110
0111111111111111111111111110
0111111111111111111111111110
0111111111111101111111111110
0111111111111111111111111111
0111111111111111111111111111
0111111111111111111111111111
0111111111111111111111111111
0111111111111111111111111111
0111111111111111111111111111
0111111111111111111111111110
0011111111111000000000000000
