0000000000000000000000000000
0000000000000000000000000000
0000000000000000000000000000
0000000000000000000000000000
0000010000000000000000000000
0000111100000000000000111110
0000111111111111111111111110
0000111111111111111111111110
0010001111111111111111111110
0100001111111111111111111110
0000001111111111111111111110
1000011111111111111111111110
1000011111111111111111111111
1000011111111111111111111111
0000011111111111111111111111
0100011111111111111111111111
0100011111111111111111111111
0010011111111111111111111111
0001011111111111111111111111
0000011111111111111111111111
0000011111111111111111111111
0000011111111111111111111110
0000011111111111111111111000
0000000000001100000000000000
0000000000000000000000000000
0000000000000000000000000000
0000000000000000000000000000
0000000000000000000000000000
