0000000000000010000000000000
0000000000001101100000000000
0000000000011000110000000000
0000000000010000010000000000
0000000000010000001000000000
0000000000100000001000000000
0000000000100000001000000000
0000000000100000001000000000
0000000000100000001000000000
0000000000100000001100000000
0001111111111111111111111100
0001111111111111111111111100
0001111111111111111111111100
0001111111111111111111111100
0001111111111111111111111100
0010111111111111111111111100
0010111111111101111111111100
0000111111111101111111111000
0000111111001111100111111000
0010111111011111111111111000
0010011111111111111111111000
0010011111111111111111111000
0000011111111111111111111000
0000011111111111111111111000
0000111111111111111111111000
0000100000011111111111110000
0000111000011000000000000000
0000011111111000000000000000
