0000000000000011000000000000
0000000000001100110000000000
0000000000010000011000000000
0000000000100000001000000000
0000000000100000001100000000
0000000000100000000100000000
0000000000100000000100000000
0000000000100000000100000000
0000000001100000001100000000
0000011111111111111111111000
0011111111111111111111111111
0011111111011111111111111110
0111111111111111111111111110
0101111111111111111111111110
0101111111111111111111111110
0101111111111111111111111100
0011111111111111111111111100
0010111111111111111111111100
0010111111111111111111111100
0010111111111111111111111100
0011111111111111111111111000
0001011111111111111111111000
0001111111111111111111111000
0000111111111111111111111000
0000111111111111111111111000
0000111111111111111111111000
0000111111110000000000000000
0000000000000000000000000000
