0000000000000000000000000000
0000000000000000000000000000
0000000000000000000000000000
0000000000000000000000000000
0000000000000000000000000000
0000000000000000000000000000
0000000000000010010000000000
0001111111111111111111111110
0011111111111111111111111111
0111111111111111111111111111
0001111111111111111111111110
0001111111111111111111111110
1001011111111100111111111110
1001111111111111111111111110
1001111111111111111111111110
1001111111111110111111111100
0001111111111111111111111100
0101111111111111111111111100
0011111111111111111111111100
0001111111111111111111111100
0001111111111111111111111100
0001111111111111111111111100
0000111111111000000000000000
0000000000000000000000000000
0000000000000000000000000000
0000000000000000000000000000
0000000000000000000000000000
0000000000000000000000000000
