0000000000000000000000000000
0000000000000000000000000000
0000000000000000000000000000
0000000000000000000000000000
0000000000000000000000000000
0000001111100011110000000000
0011011111111111110100000000
0111111000110111111111100000
1111110011100110100110100000
1111111111111111111111100000
1111111111111111111111100000
0111111111111111111111100000
1111111111111111111111100000
1111111111111111111111100000
0111111111111111111111100000
0111111111111111111111100000
1111111111111111111111100000
0111111111111111111111100000
0111111111111111111111000000
0000000000000000000000100000
0001000000000000000000011100
0000111111111111111111111110
0000000000000000001111111111
0000000000000000000011111110
0000000000000000000000000000
0000000000000000000000000000
0000000000000000000000000000
0000000000000000000000000000
