0000000000001110000000000000
0000000000001001000000000000
0000000000010000100000000000
0000000000100000100000000000
0000000000100000010000000000
0000000000100000010000000000
0000000000000000010000000000
0000000001000000011000000000
0000000001000000011000000000
0000000001000000011000000000
0000000001000000011000000000
0000000011000000011100000000
0001111111111111111111110000
0000111011111111111111110000
0001111111111111111111110000
0000111111111111111111110000
0001111111111111111111110000
0001111111111111111111111000
0001111111111111111111111000
0001111111111111111111110000
0001111111111111111111111000
0001111111111111111111110000
0001111111111111111111111000
0000111111111111111111111000
0000111111111111111111111000
0000111111111111111111111000
0000111111111111111111110000
0000111111111111111111110000
