0000000000100000001000000000
0000000001110000011100000000
0000000001011111111110000000
0000000011111111101110000000
0000000011111111111111000000
0000000000111111111001000000
0000000101000111100001100000
0000001000011111000111100000
0000011111111111111111110000
0000111010011111111111111000
0000111101101111111111111000
0000111111101111111111111000
0000111111011111111111111000
0001111111111111111111111000
0001111111111111111111111000
0001111111111111011111111100
0011111111101111111111111100
0011111111111111111111111100
0011111111110111111111111100
0001111111011111111111111100
0001110111111111111111111100
0001111111111111111111111100
0001111111111111111111111100
0000101111111111111111111000
0000010000000001111111010000
0000001110111111111111100000
0000000111111111111110000000
0000000000000000000000000000
