0000000000000000000000000000
0000000000011111100000000000
0000000000110000110000000000
0000000000100000011000000000
0000000001000000011000000000
0000000001000000001000000000
0000000010000000001100000000
0000000010000000001100000000
0011110010000000001101111000
0011110110000011111111111000
0010110111000111000110000000
0011110111100000000111010000
0011000100100000000001000000
0011100110100000001101000000
0011000011000000000110010000
0011011000011111000010110000
0111011111111111111101110000
0110011111111111111111100000
0110011111111111111111110000
0110011111111111111111110000
0110011111111111111111110000
0110011111111111111111110000
0110011111111111111111111000
0110111111111111111111111000
0111111111111111111111111100
0110011111111111111111111100
1100111111111111111111111110
0111111111111111111111111110
