0000000000000011010000000000
0000000000100110010000000000
0000000001110100101000000000
0000000011111100100100000000
0000000111111100101010000000
0000000111111100100011000000
0000000101111000100011000000
0000001111111100101111000000
0000001111111101111011000000
0000001111111100111111000000
0000001111111101111111100000
0000001111111000111111100000
0000001111111101111111100000
0000001111111000111111100000
0000011111111000111111100000
0000011111111101111111100000
0000010111111000111111100000
0000101111110000111111100000
0000101111111000111101110000
0000101111111111111111110000
0000011111111111111111110000
0000111111111111111111010000
0001111111111111111111111000
0001111111111111111111111000
0001111111101011111111111000
0000111111111111111111111000
0000001111100000000110110000
0000000011000000000111100000
