0000000000000000000000000000
0000000000000000000000000000
0000000000000000000000000000
0000000000000000000000000000
0000000000000000000000000000
0000000000000000000000000000
0000000000000000000000000000
0000101111111100000000000000
0001111111111111111111111110
0000111111111111111111111111
0001111111111111111111111111
0001111111111111111111111111
0001011111111111111111111111
0010111111111111111111111111
0010111111111111111111111111
0100111111111111111111111111
0100111111111111111111111111
1000111111111111111111111111
1000111111111111111111111111
1001011111111111111111111110
0110011111111111111111111110
0000000000000000000000000000
0000000000000000000000000000
0000000000000000000000000000
0000000000000000000000000000
0000000000000000000000000000
0000000000000000000000000000
0000000000000000000000000000
