0000000000000000000000000000
0000000000000000000000000000
0000000000000000000000000000
0000000000000000000000000000
0010000000000000000000000000
1111111111111111111111111111
1111111111111111111111001000
1111111111111111111111111001
1111111111111111111111111001
0111111111111111111111111000
1111111111111111111111111000
1111111111111111111111111001
1111111111111111111111110000
1111111111111111111111110001
0111111111111111111111110000
0111111111111111111111111001
0111111111111111111111111001
0111111111111111111111111111
0111111111111111111111111111
0111111111111111000001100110
0111111111111100000000000111
0111110111111100000000000011
0111100000000000000000000001
1100000000000001111111111011
0111111111111000000000000000
0000000000000000000000000000
0000000000000000000000000000
0000000000000000000000000000
