0000000000000001100000000000
0000000000000111111000000000
0000000000001000001100000000
0000000000010000000100000000
0000000000000000000100000000
0000000000100000000010000000
0000000000100000000010000000
0000000000100000000010000000
0000000000110000000010000000
0000011111111111111111111100
0000111111111111111111111100
0000111111111111111111111100
0000111111111111111111111100
0000111111111111111111111100
0000111111111111111111111100
0000111111111111111111111100
0000111111111111111111111100
0000111111111111111111111100
0000111111111111111111111100
0000111111111111111111111100
0001111111111111111111111100
0000111111111111111111111100
0000111111111111111111111100
0000111111111111111111111100
0000111111111111111111111100
0001111111111111111111111100
0001111111110000000000000000
0000000000000000000000000000
