0000000000000000000000000000
0000000000000000000000000000
0000000011110000111000000000
0000111000000000000011100000
0011000000000000000000111100
0110000000000000000000000110
0111111111111111111111111110
0111111111111111111111111100
0011111111111111111111111100
0011111111111111111111111100
0011111111111111111111111000
0011111111111111111111111000
0011111111111111111111111000
0011111111111111111111111000
0011111111111111111111111000
0011111111111111111111111000
0011111111111111111111111000
0001111111111111111111111000
0001111111111111111111111000
0001111111111111111111111000
0001111111111111111111111000
0001111111111111111111111000
0001111111111111111111111000
0001111111111111111111111000
0001111111111111111111111000
0001111111111111111111111000
0001111111111111111111111000
0000111111111111111100010000
