0000000000000000000000000000
0000000000000000000000000000
0000000000000000000000000000
0000000000000011100000000000
0000000000001110111000000000
0000000000011000001000000000
0000000000010000000100000000
0000000000110000000110000000
0000000000100000000110000000
0000000000100000000010000000
0000010001100000000011000000
0000111111111111111111111100
0000111111111111111111111110
0000111111111111111111111110
0001111111111111111111111110
0001111111111111111111111110
0011111111111111111111111110
0001111111111111111111111110
0101111111111111111111111111
1001111111111111111110011111
1001111111111111111111111111
0001111111111111111111111111
0011111111111111111111111111
0001111111111111111111111111
0001111111111111111111111110
0000000001110000000000000000
0000000000000000000000000000
0000000000000000000000000000
