0000000000000000000000000000
0000111111111111111111111100
0000111111111111111111111000
0000111100000001111111111000
0000111111111101111111111000
0000111111111111111111111000
0000110111111111111111111000
0001101111111111111111111000
0001101111111111111111111000
0001111111111111111111111000
0001111111111111111111111000
0001110111111111111111111000
0001110111111111111111111000
0001110111111111111111111000
0011110111111111111111111000
0011110111111111111111111000
0011110111111111111111111000
0011110111111111111111111000
0011110111111111111111111000
0011010111111111111111111000
0001010111111111111111111000
0001110111111111111111111000
0000111111111111111111111000
0000111111111111111111111000
0001111111111111111111111000
0000111111111111111111111100
0000111111111110011111101000
0000000111111110000000000000
