0000000000000011000000000000
0000000000000101100000000000
0000000000000100100000000000
0000000000000100100000000000
0000000000001000110000000000
0000000000001000010000000000
0000000000011000010000000000
0000000000010000011000000000
0000000000010000011000000000
0000000000010000011000000000
0000000000010000001000000000
0001111111111111111111111100
0001111111111111111111111110
0001111111111111111111111110
0001111111111111111111111100
0001111111111111111111111100
0001111111111111111111111100
0001111111110000001111111100
0001111111110000001111111100
0000111111111011011111111100
0000111111110111011111111100
0000111111111000100111111000
0000111111111110100111111000
0000111111111111111111111000
0000011111111111111111111000
0000011111111111111111111000
0000011111111111111111110000
0000001111111111111111110000
