0000000000000100000000000000
0000000000001010000000000000
0000000000001001000000000000
0000000000010001000000000000
0000000000010000100000000000
0000000000110000100000000000
0000000000100000010000000000
0000000000100000010000000000
0000000001000000011000000000
0000000001000000001000000000
0000000001000000001000000000
0000000011000000001000000000
0000000111001111111100000000
0000111111111111111111100000
0000111111111111111111110000
0000111111111111111111110000
0000111111111111111111110000
0000011111111111111111100000
0000011111111111111111100000
0000011111111111111111100000
0000011111111111111111100000
0000001111111111111111000000
0000001111111111111111000000
0000001111111111111111000000
0000001111111111111111000000
0000001111111111111111000000
0000011111111111111111000000
0000001111111111111111000000
