0000000000000000000000000000
0000000000000000000000000000
0000000000000000000000000000
0000000000000000000000000000
0000000000000000000000000000
1111111111111111111111111111
1111111111111111111111111111
1111111111111111111111111111
1111111111111111111111111111
1111111111111111111111111111
1111111111111111111111111111
0111111111111111111111111110
0111111111111111111111111110
0111111111111111111111111110
0111111111111111111111111110
0111111111110000111111111110
0111111111111111111111111111
0111111111111111111111111111
0111111111111111111111111111
0111111111111111111111111111
0111111111111111111111111111
1111111111111111111111111111
0000000000000000000000000000
0000000000000000000000000000
0000000000000000000000000000
0000000000000000000000000000
0000000000000000000000000000
0000000000000000000000000000
