0000000000000000000000000000
0000000000000000000000000000
0000000000000000000000000000
0000000000000000000000000000
0000000000000000000000000000
0000010000000000000000000000
0000111111111111111111111110
0001111111111111111111111111
0001111111111111111111111111
0001111111111111111111111111
0001111111111111111111111111
0011111111111111111111111111
0100111111111111111111111111
0101111111111111111111111111
1001111111111111111111111111
1001111111111111111111111111
1001111111111111111111111111
1001111111111111111111111111
1001111111111111111111111111
0001111111111111111111111111
0000111111111111111111111111
0011111111111111111111111110
0000111111111111111111111110
0000000011100000000000000000
0000000000000000000000000000
0000000000000000000000000000
0000000000000000000000000000
0000000000000000000000000000
