0000000000000000000000000000
0000000000000000000000000000
0000000000000000000000000000
0000000000000000000000000000
0000000000000000000000000000
0000000000001111100000000000
0000000000110000110000000000
0000000000100000010000000000
0011111111111111111111100000
0111111111111111111111111100
0110111111111111111111110010
0100111111111111111111110011
0000111111111111111111110001
0000111111111111111111110000
0001111111111111111111111010
0011111111111111111111110100
0011111111111111111111111100
0011111111111111111111111000
0011111111111111111111111100
0011111111111111111111111100
0011111111111111111111111100
0011111111111111111111111100
0001111111000000000000000000
0000000000000000000000000000
0000000000000000000000000000
0000000000000000000000000000
0000000000000000000000000000
0000000000000000000000000000
