0000000000000000000000000000
0000000000000000000000000000
0000000000000000000000000000
0000000000000111000000000000
0000000000001100100000000000
0000000000001000110000000000
0000000000011000010000000000
0000000000010000011000000000
0000000000110000001000000000
0000000000100000001000000000
0000000000100000001100000000
0000000111111111111111000000
0000111111111111111111111000
0000111111111110111111111100
0001111111111111111111111100
0001111011111111101111111110
0001111011111111011111111110
0011111111111111011111111110
0111111011111111111111111110
0111111111111111111111111111
0111111111111111111111111111
0111111111111111111111111110
0111111111111111111111111110
0111111111111111111111111110
0111111110000000000000000010
0111111110000000000000000000
0000000000000000000000000000
0000000000000000000000000000
