0000000000000000000000000000
0000000000000000000000000000
0000000000000000000000000000
0000001111011010011100111000
0000011111111111111111111100
0000111011111011110111110100
0001111011111011110111110110
0001111111111111111111111110
0001101111011111111110111100
0000111111111000100001111100
0011011100000000001000000100
0010110100000000001111100110
0010000100010010111000100110
0110110100011101001110110110
0100111001000101111110110110
0001111100000010111110010110
1001111101011100111111001110
1001111111000011111111111000
0101111111100111111111111000
0100111100110111111111111010
0001111111110011111001110100
0001111111111110000111111010
0001111111110011110011011010
0001111111110000000000000000
0000001111100000000000000000
0000000000000000000000000000
0000000000000000000000000000
0000000000000000000000000000
