0000000000000111000000000000
0000000000001100100000000000
0000000000011000010000000000
0000000000010000010000000000
0000000000110000010000000000
0000000000110000010000000000
0000000000100000010000000000
0000000000100000010000000000
0000000000100000010000000000
0000000000100000010000000000
0000000000100000010000000000
0000000000100000011000000000
0000000000100000001000000000
0000001111111111111111100000
0000001111111111111111100000
0000001111111111111111100000
0000001111111111111111100000
0000011111111111111111100000
0000011111111111111111110000
0000011111111111111111110000
0000011111011111111111110000
0000111111111111111111110000
0000111111111111111111110000
0000111111111111111111111000
0000111111111111111111111000
0000111111111111111111111000
0000111111111111111111111000
0000011111111111111111110000
