0000000000000011000000000000
0000000000001111110000000000
0000000000001000010000000000
0000000000010000001000000000
0000000000010000001000000000
0011110000010000001000000000
0010011111111111111111111101
0100011111111111111111111100
0000011111000000000001111100
0000011111111111111111111101
0000011111111111111111111110
0000011111111111111111111110
0000011111111111111111111100
0000011111111111111111111000
0000011111111111111111111000
0010011111111111111111111000
0011011111111111111111111000
0001111111111111111111111000
0000111111111111111111111000
0000011111111111111111111000
0000011111111111111111111000
0000001111111111111111111000
0000001111111111111111110000
0000001111111111111111110000
0000011111111111111111110000
0000011111111111111111110000
0000000111111111100000000000
0000000000000000000000000000
