0000000000000000000000000000
0000000000000000000000000010
1111000000000000000000000110
1100111111111111111111110110
0101000000011111000000001010
0110100000000010000000101011
0110100000000000000001101111
1111000000000000000001111111
1111000000000000000000011011
1111000000000000000000011011
1101000000000000000000001111
1101110000000000000000000111
1001110110000011110000001111
1011111011111111110000000011
1001111111111111111111111111
0001111111111111111111111110
0011110011111111111111111110
1011111111111111111111111111
1011111111111111111111111110
1011111111111111111111111111
0011111111111111111111111111
0011111011111111111111111111
0001110111111111111111111111
0001111111111111111111111110
0011111111111111111111111110
0011111111111111111111111110
0001111111111111111111111110
0000000001110011111111001000
