0000000000000110000000000000
0000000000001101000000000000
0000000000001000100000000000
0000000000011000100000000000
0000000000010000000000000000
0000000000100000010000000000
0000000000000000000000000000
0000000001000000000000000000
0000000010000000000100000000
0000000010000000000100000000
0000000100000000000010000000
0000001100000000000011000000
0000001000000000000001000000
0000001111111111111111000000
0000011011111111111111000000
0000011111111111111111100000
0000011111111111111111110000
0000011111111111111111100000
0000110111110111111111100000
0000111111111111111111100000
0000111111111111111111100000
0000111111111111111111100000
0000111111111111111111110000
0000111111111111111111110000
0000111111111111111111110000
0000111111111111111111110000
0000111111111111111111110000
0000000111111111111111100000
