0000000000000000000000000000
0000000000000000000000000000
0000000000000000000000000000
0000000000000000000000000000
0000000000000000000000000000
0000000000000000000000000000
0000000000111111110000000000
0000000000100000011000000000
0000000001100000011100000000
0011111111111111111111111110
0111111111111111111111111110
0111001111111111111111111110
0111111111111111111111111110
0111111111111111111111111110
0111111111111111111111111110
0111111111111111111111111110
1111111111111111111111111110
0111111111111111111111111110
0111111111111111111111111110
1111111111111111111111111111
1111111111111111111111111111
1111111111111111111111111111
1111111111111111111111111110
0000000000000000000000000000
0000000000000000000000000000
0000000000000000000000000000
0000000000000000000000000000
0000000000000000000000000000
