0000000000000111000000000000
0000000000001101100000000000
0000000000001000100000000000
0000000000001000100000000000
0000000000011000100000000000
0000000000011000110000000000
0000000000010000010000000000
0000000000010000010000000000
0000000000010000010000000000
0000000000000000010000000000
0000000000000000010000000000
0000000000110000011000000000
0000010000110000011000010000
0000010000000010011000010000
0000011100000010111001110000
0000011100000000111101110000
0000010000000000011110010000
0000010100000000011110110000
0000011110000011110000110000
0000011011000010011100100000
0000011111111111111111110000
0000011111111111111111110000
0000001111111111111111110000
0000001111111111111111100000
0000001111111111111111100000
0000001111111111111111100000
0000001111111111111111100000
0000001111111111111111100000
