0000000000000000000000000000
0000000000000000000000000000
0000000000000000000000000000
0010000000000000000000001110
0111111111100000011111111110
1111111111111111111111111110
0011111111111111111111111100
1011111111111111111111111100
0011111111111111111111111100
1011111111111111111111111100
1011111111111111111111111000
1011111111111111111111111000
1001111111111111111111111100
1001111111111111111111111100
1101111111111111111111111100
1101111111111111111111111100
0101111111111111111111111100
0100111111111111111111111100
0100111111111111111111111100
0010111111111111111111111100
0010111111111111111111111100
0000111111111111111111111000
0000011111111111111111111000
0000011111111111111111110000
0000001111111111111111000000
0000000000000000000000000000
0000000000000000000000000000
0000000000000000000000000000
