0000000000000000000000000000
0000000000000000000000000000
0000000000000000000000000000
0000000000000000000000000000
0000000000000000000000000000
0000000000000000000000000000
0000000000000000000000000000
0000000000000000000000000000
0000011111111111111111110000
0000111111111111111111111000
0000011111100001111111111000
0000011111111111111111110000
0000011111111111111111110000
0001111111111111111111110000
0001111111111111111111110000
0001111111111111111111110000
0001111111111111111111110000
0011111111111111111111111000
0011101111111111111111110000
0001101111111111111111110000
0001101111111111111111110000
0001101111111111111111100000
0000101111111111111111100000
0000111111111111111111100000
0000111111111111111111100000
0000111111111111111111100000
0000001111111000000000000000
0000000111111000000000000000
