0000000000000000000000000000
0000000000000000000000000000
0000000000000000000000000000
0000000000000000000000000000
0000000000000000000000000000
0000000000000000000000000000
0000000000000000000000000000
0000000000000000110000011100
0000000000000011011000011100
0000000000000111111000011110
0000000000000011111100111110
0000000000001111111111111110
0000000000001111111111111110
0000000000011111111111111110
0000000000111111111111111110
0000000001111111111111111111
0000000011111111111111111111
0000001111111111111111111110
0000011111111101111001111110
1111100000000111100001111110
0011111111111110000001111110
0000001111110000000001111100
0000000000000000000000000000
0000000000000000000000000000
0000000000000000000000000000
0000000000000000000000000000
0000000000000000000000000000
0000000000000000000000000000
