0000000000000000000000000000
0000000000000000000000000000
0000000000000000000000000000
0000000000000000000000000000
0000000000000000000000000000
0000000000000000000000000000
0000000000000000000000000000
0000000000000000000000000000
0000000000000001111111111110
0000000000000111111111111110
0000000000001111111111111110
0000000000001111111111111110
0000000000111111111111111111
0000000001111111111111111111
0000000111111111111111111111
0001111111111111111111111111
0111111111111111111111111111
1111111111111111111111111111
1111111111111111111111111111
0111111111111111111111111111
0000001111111111111011111000
0000000000000000000000000000
0000000000000000000000000000
0000000000000000000000000000
0000000000000000000000000000
0000000000000000000000000000
0000000000000000000000000000
0000000000000000000000000000
