0000000000000000000000000000
0000000000000000000000000000
0000000000000000000000000000
0000000000000000000000000000
0000000000000000010000000000
0000000000000000011100000000
0000000000000001111110000000
0000000000000011111111000000
0000000000000011011111110000
0000000000000011111111111000
0000000000001101111111111100
0000000000011111111111111100
0000000000111111111111111110
0000000001111111111111111110
0000000111011111111111111110
0011111111111111111111111110
0111111111111111111111111110
0111111111111111111111111110
1111111111111111111111111110
1111111111111111111111111110
0111111111111111111111111110
0001111111111111111111111110
0000001111111111111111111111
0000000001101000000010101000
0000000000000000000000000000
0000000000000000000000000000
0000000000000000000000000000
0000000000000000000000000000
