0000000000000000000000000000
0000000000000000000000000000
0000000000000000000000000000
0000000000000000000000000000
0000000000000000000000000000
0000000000000000000000000000
0000000000000000000000000000
0000000000000000001000000000
0000000000000000011110000000
0000000000000000111111111110
0000000000000000111111111110
0000000000000001111111111110
0000000000000011111111111110
0000000000000111111111111110
0000000000011111111111111110
0000000001111111111111111110
0011110111111111111111111110
0111111111111111111111111110
1111111111111111111111111110
0011111111111111111111111111
0000000111111110000111111111
0000000000000000000000000000
0000000000000000000000000000
0000000000000000000000000000
0000000000000000000000000000
0000000000000000000000000000
0000000000000000000000000000
0000000000000000000000000000
