0000000000000000000000000000
0000000000000000001111100000
0000000000000000111111111100
0000000000000001111111111110
0000000000000001111111111110
0000000000000011111111111110
0000000000000011111111111110
0000000000000001111111111110
0000000000000001111111111110
0000000000000001111111111110
0000000000000001111111111110
0000000000000001111111111100
0000000000000001111111111100
0000000000000001111111111100
0000000000000011111111111100
0000000000000011111111111110
0000000000000111111111111110
0000000000001111111111111110
0000000000011111111111111110
0000000000111111111111111110
0111111111111111111111111110
0111111111111111111111111110
0111111111111111111111111110
0011111111111111110011111100
0000111111111111000111111100
0000000111111100000011111000
0000000000000000000000000000
0000000000000000000000000000
