0000000000000000000000000000
0000000000000000000000000000
0000000000000000000000000000
0000000000000000000000000000
0000000000000000011111111100
0000000000000000111111111100
0000000000000000111111111100
0000000000000000111111111100
0000000000000000111111111100
0000000000000001111111111100
0000000000000001111111111100
0000000000000001111111111100
0000000000000011111111111110
0000000000000011111111111110
0000000000000111111111111110
0000000000011111111111111110
0000000000111111111111111110
0000000011011111111111111110
0001111100111111111111111110
0110000011111111111111111111
0111111111111111111111111110
0111111111111111111011111110
0011111111111111000011111110
0000000111111000000000000000
0000000000000000000000000000
0000000000000000000000000000
0000000000000000000000000000
0000000000000000000000000000
