0000000000000000000000000000
0000000000000000000000000000
0000000000000000000000000000
0000000000000000000000000000
0000000000000000011100000000
0000000000000000111111000000
0000000000000000111111000000
0000000000000000111111111110
0000000000000001111111111110
0000000000000001111111111110
0000000000000011111111111100
0000000000000111111111111100
0000000000000111011111111100
0000000000001111111111111110
0000000000011111111111111110
0000000001111111111101111110
0011111111001111111111111110
0111111110111111110000111110
0110100111111111111001111110
1111111111111111111111111110
0111111111111111111111111111
0001111111111111111111111110
0000001111111100000111111111
0000000000000000000000111100
0000000000000000000000000000
0000000000000000000000000000
0000000000000000000000000000
0000000000000000000000000000
