0000000000000001111111110000
0000000000000001111111111100
0000000000000011111111111100
0000000000000011111111111100
0000000000000011111111111100
0000000000000011111111111100
0000000000000011111111111100
0000000000000111111111111100
0000000000000111111111111000
0000000000000111111111110000
0000000000001111111111100000
0000000000001111111111000000
0000000000001111111111000000
0000000000011111111111000000
0000000000011111111111000011
0000000000111111111110011111
0000000000011111111111111111
0000000001001111111111111111
0000000011111111111110011110
0000000111110111111100011110
0000000111110111111000011110
0000001011101111110000011110
0000011111011111110000011110
0000100111111111100000011110
0000111111111111000000011110
0011111111111111000000011110
0001111111111110000000111110
0000000000000000000000000000
