0000000000000000000000000000
0000000000000000000000000000
0000000000000000000000000000
0000000000000000000000000000
0000000000000000000000000000
0000000000000000000000000000
0000000000000000000000000011
0000000000000000111000000110
0000000000000001111111111100
0000000000000001111111111100
0000000000000001111111111100
0000000000000001111111111000
0000000000000011111111111100
0000000000001111111111111100
0000000000111111111111111100
0000000011111111111111111100
0111111111111111111111111110
1111111111111111111111111100
1111111111111111111111111100
0111111111111111111111111110
0000111111111111111111111110
0000000011111000000111111100
0000000000000000000000000000
0000000000000000000000000000
0000000000000000000000000000
0000000000000000000000000000
0000000000000000000000000000
0000000000000000000000000000
