0000000000000000000000000000
0000000000000000000000000000
0000000000000000000000000000
0000000000000000000000000000
0000000000000000000000000000
0000000000000000001000000000
0000000000000000001110000000
0000000000000000011111000000
0000000000000000011111000000
0000000000000000111111111100
0000000000000000111111111110
0000000000000000111111111110
0000000000000001111111111100
0000000000000011111111111110
0000000000000111111111111110
0000000000011111111111111110
0000000000111111111111111110
0000000111111111111111111110
0011111111111111111111111110
0111111111111111111111111111
0000111111111111111111111111
0111000000000000000000000010
0011111110000001111111111110
0000000011100110000000000000
0000000000000000000000000000
0000000000000000000000000000
0000000000000000000000000000
0000000000000000000000000000
