0000000000000000000000000000
0000000000000000000000000000
0000000000000000000000000000
0000000000000000000000001000
0000000000000000000000001100
0000000000000000000000001000
0000000000000001000000011000
0000000000000001001111111000
0000000000000001111111111000
0000000000000001111111111100
0000000000000001111111111100
0000000000000001111111111100
0000000000000011111111111100
0000000000000011111111111100
0000000000000011111111111100
0000000000000111111111111110
0000000000001111111111111110
0000000000001111111111111110
0000000000111111111111111110
0000000001100111111111111111
0000001100000011111111111011
0010001101111111111111111111
0110101111111111111111111111
1111101111101111111111111111
0111111111111111100011111111
0000111111111100000011111110
0000000000000000000000000000
0000000000000000000000000000
