0000000000000000000000000000
0000000000000000000000000000
0000000000000000000000000000
0000000000000000000000000000
0000000000000000000000000000
0000000000000001000000011100
0000000000000011111100111100
0000000000000011111111111100
0000000000000011111111111100
0000000000000111111111111100
0000000000000111111111111110
0000000000000111111111111110
0000000000001111111111111110
0000000000011111111111111110
0000000000011111111111111110
0000000000111111111111111111
0000000000111111111111111111
0000000011111111111111111110
0111111111111111111111111110
1111111111111111111111111110
0111111111111111111111111110
0011111111111111110111111110
0000001111111111000111111100
0000000000000000000111010100
0000000000000000000000000000
0000000000000000000000000000
0000000000000000000000000000
0000000000000000000000000000
