0000000000000000000000000000
0000000000000000000000000000
0000000000000000000000000000
0000000000000000000000000000
0000000000000000000000000000
0000000000000000000000000000
0000000000000000000000000000
0000000000000000100000000100
0000000000000001110000000100
0000000000000011111111101100
0000000000000111111111111100
0000000000011111111111111100
0000000000011111111111111110
0000000001111111111111111110
0000000011111111111111111110
0111111111111111111111111110
0111111111111111111111111110
1111111111111111111111111110
0111111111111111111111110010
0001111110000000000000001110
0000001111111111111111111100
0000000000000000000000000000
0000000000000000000000000000
0000000000000000000000000000
0000000000000000000000000000
0000000000000000000000000000
0000000000000000000000000000
0000000000000000000000000000
