0000000000000000000000000000
0000000000000000000000000000
0000000000000000000000000000
0000000000000000000000000000
0000000000000000000000000000
0000000000000011100000000000
0000000000000011111111110000
0000000000000111111111111000
0000000000000111111111111100
0000000000001111111111111100
0000000000001111111111111100
0000000000001111111111111110
0000000000011111111111111110
0000000000011111111111111110
0000000000111111111111111011
0000000001111111111111111100
0000000011111111111111111100
0011111111111111111111111100
0111111111111111111111111100
1111111111111111111111111100
0111111101111111111111111100
0000111111111110001111111100
0000000111100000001111111000
0000000000000000000000000000
0000000000000000000000000000
0000000000000000000000000000
0000000000000000000000000000
0000000000000000000000000000
