0000000000000000000000000000
0000000000000111111110000000
0000000000000111111111111100
0000000000000111111111111000
0000000000000111111111111000
0000000000000111111111111000
0000000000000111111111111000
0000000000000111111111111000
0000000000000111111111111000
0000000000000111111111111000
0000000000000111111111111000
0000000000000111111111111000
0000000000000111111111111000
0000000000001111111111111000
0000000000001111001111111100
0000000000001111111111111100
0000000000011111111111111100
0000000000011111111111111100
0000000000111011111111111100
0000000001111011111111111110
0000000011111111111111111100
0000001111111111111111111100
0011111111111111111111111100
0011111111111111111111111100
0011100011111111110001111100
0111111111111111100000000000
0001111111111111000000000000
0000000000000000000000000000
