0000000000000000000000000000
0000000000000000000000000000
0000000000000000000000000000
0000000000000000000000000000
0000000000000000000000000000
0000000000000100000000000000
0000000000001111110000011100
0000000000001111111111111100
0000000000001111111111111110
0000000000011111111111111110
0000000000011111111111111110
0000000000011111111111111111
0000000000111111111111111111
0000000000111111111111111110
0000000001111111111111111110
0000000001111111111111111110
0000000011111111111111111110
0000000111111111111111111100
0001111111111111111111111100
0111111111111111100011111100
0111111111111111000011111100
1111111111111100000011111100
0011111111111000000011111100
0000000000000000000011110000
0000000000000000000000000000
0000000000000000000000000000
0000000000000000000000000000
0000000000000000000000000000
