0000000000000000000000000000
0000000000000000000000000000
0000000000000000000000000000
0000000000000000000000000000
0000000000000000000000000000
0000000000000000000000000000
0000000000000000000000000100
0000000000000001110000000100
0000000000000001111000111100
0000000000000001111111111100
0000000000000011111111111100
0000000000000011111111111100
0000000000000111111111111100
0000000000001111111111111110
0000000000001111111111111110
0000000000111111111111111110
0000000001111111111111111110
0000000111001111111111111111
0001111111011111111111111110
0111110011111111111111111110
1111111111111111111111111110
0111111111111111110111111110
0000011111111100000111111110
0000000000000000000000000000
0000000000000000000000000000
0000000000000000000000000000
0000000000000000000000000000
0000000000000000000000000000
