0000000000000000000000000000
0000000000000000000000000000
0000000000000000000000000000
0000000000000000000001000000
0000000000000000111111111110
0000000000000011111111111110
0000000000000111111111111110
0000000000000111111111111110
0000000000000001111111111110
0000000000000001111111111110
0000000000000001111111111110
0000000000000011111111111110
0000000000001111111111111110
0000000000001111111111111110
0000000000011111111111111111
0000000000011111111111111111
0000000000111111111111111111
0000000001111111111111111111
0000011111111111111111111111
0000111111111111111111111111
0111001111111111111111111111
0111111111111111111110111111
0111111111111111111000111111
0001111111111111000000111111
0000011111111100000000111111
0000000000000000000000111110
0000000000000000000000000000
0000000000000000000000000000
