0000000000000000000000000000
0000000000000000000000000000
0000000000000000000000000000
0000000000000000000000000000
0000000000000000001100000000
0000000000000000011100000000
0000000000000000111100000000
0000000000000000111110011100
0000000000000001111111111100
0000000000000001111111111100
0000000000000011111111111100
0000000000000011111111111100
0000000000000111111111111100
0000000000000111111111111100
0000000000001111111111111100
0000000000011111111111111100
0000000000111111111111111110
0000000001111111111111111110
0000001111111111111111111110
0111111111111111111111111110
0111111111111111111111111110
0111111111111111111111111110
0111111111111111111111111111
0001111111111111000111111111
0000000111110000000100000000
0000000000000000000000000000
0000000000000000000000000000
0000000000000000000000000000
