0000000000000000000000000000
0000000000000000000000000000
0000000000000000000000000000
0000000000000000000000000000
0000000000000000000000000000
0000000000000000000000000000
0000000000000001011111111000
0000000000000011111111111100
0000000000000011111111111100
0000000000000011111111111100
0000000000000111111111111100
0000000000000111111111111110
0000000000001111111111111110
0000000000011111111111111110
0000000001111111111111111110
0000001111111111111111111110
0011111001111111111111111110
0110000111111111111111111110
1111111111111111111111111110
0111111111111111111111111110
0001111111111111100011111111
0000001111100000000011111110
0000000000000000000000000000
0000000000000000000000000000
0000000000000000000000000000
0000000000000000000000000000
0000000000000000000000000000
0000000000000000000000000000
