0000000000000011111111111100
0000000000000011111111111100
0000000000000011111111111100
0000000000000011111111111100
0000000000000011111111111100
0000000000000011111111111000
0000000000000011111111111000
0000000000000011111111111000
0000000000000011111111111000
0000000000000011111111111000
0000000000000011111111111100
0000000000000011111111111100
0000000000000111111111111100
0000000000000111111111111100
0000000000000111111111100110
0000000000001111111111111110
0000000000001111111111111110
0000000000011111111111111110
0000000000011111111111111110
0000000000011111111111011110
0000000000111111111110011110
0000000000111111111100011110
0000000001111111111000011110
0000000111111111110000011110
0000011111111111110000011110
0001111111111111100000011110
0001111111111111000000011110
0000000001111100000000011100
