0000000000000000000000000000
0000000000000000000000000000
0000000000000000000000000000
0000000000000000000000000000
0000000000000000000000000000
0000000000000000000000000000
0000000000000000000000000000
0000000000000000000000000000
0000000000000000111000000110
0000000000000000111100011100
0000000000000001111111111100
0000000000000001111111111100
0000000000000011111111111100
0000000000000111111111111100
0000000000001111111111111110
0000000000111111111111111110
0000000111111111111111111110
0111111111111111111111111111
1111111111111111111111111111
1111111111111111111111111110
0011111111111111111111111110
0000001111111110000011111110
0000000000000000000000000000
0000000000000000000000000000
0000000000000000000000000000
0000000000000000000000000000
0000000000000000000000000000
0000000000000000000000000000
