0000000000000000000000000000
0000000000000000000000000000
0000000000000000000000000000
0000000000000000000000000000
0000000000000000000000000000
0000000000000000011100000000
0000000000000000111111111110
0000000000000001111111111110
0000000000000001111111111110
0000000000000001111111111110
0000000000000011111111111100
0000000000000011111111111100
0000000000000111111111111100
0000000000001111111111111110
0000000000011111111111111110
0000000001111111111111111110
0011111111111111111111111110
0111111111111111111111111110
0111111111111111111111111110
0011111111111111111111111110
0100111111111111111111110010
0011100011111111111111111110
0000111111111111000111111110
0000000011111000000100000000
0000000000000000000000000000
0000000000000000000000000000
0000000000000000000000000000
0000000000000000000000000000
