0000000000000000000000000000
0000000000000000000000000000
0000000000000000000111000000
0000000000000011111111110000
0000000000001111111111110000
0000000000011111111111110000
0000000000011111111111110000
0000000000000111111111110000
0000000000000011111111110000
0000000000000111111111111000
0000000000000111111111111100
0000000000001111111111111100
0000000000001111111111111110
0000000000011111111111111110
0000000000011111111111111110
0000000000111111111111111111
0000000000111111111111111110
0000000001111111111111111110
0000000001111111111111111110
0000000011111111111111111110
0000000111111111111100111110
0000001111111111110000111110
0000111111111111100000111110
0011111111111111000000111110
1111111111111110000000111110
0001111111111100000000111110
0000000000000000000000000000
0000000000000000000000000000
