0000000000000001111111110000
0000000000000111111111110000
0000000000000111111111110000
0000000000000111111111110000
0000000000000111111111110000
0000000000001111111111110000
0000000000000111111111110000
0000000000000111111111110000
0000000000000111111111111000
0000000000001111111111111000
0000000000001111111111111100
0000000000001111111111111100
0000000000011111111111111100
0000000000011111111111111110
0000000000011111111111111110
0000000000111111111111111110
0000000000111111111111111110
0000000001111111111111111110
0000000001111111111111111110
0000000011111111111111111110
0000000111111111111111111100
0000001111111111110001111100
0011111111111111100001111100
1111111111111111000001111100
1111111111111111000001111100
0111111111111110000001111000
0001111111111100000001111000
0000000000111000000001110000
