0000000000000000000000000000
0000000000000000000000000000
0000000000000011100000000000
0000000000000011111101111110
0000000000000011111111111100
0000000000000011111111111100
0000000000000011111111111100
0000000000000011111011111100
0000000000000111111111111100
0000000000000111111111111100
0000000000000111111111111100
0000000000001111111111111110
0000000000001111111111111110
0000000000011111111111111110
0000000000011111111111111111
0000000000111111111111111111
0000000000111111111111111111
0000000001111111111111111111
0000000011111111111111111110
0000001111111111111111111000
0111111111111111111111000010
1111001111111111111100100010
1111111111111111110000100010
1111111111111111100000100110
0011111111111110000000000000
0000111111111100000001101110
0000000001100000000001111110
0000000000000000000000000000
