0000000000000000000000000000
0000000000000000000000000000
0000000000000000000000000000
0000000000000000010000000000
0000000000000001111111111100
0000000000000001111111111100
0000000000000001111111111100
0000000000000011111111111100
0000000000000011111111111100
0000000000000011111111111000
0000000000000011111111111100
0000000000000111111111111100
0000000000000111111111111100
0000000000001111111111111100
0000000000001111111111111110
0000000000011111111111111110
0000000000011111111111111110
0000000000111111111111111110
0000000001111111111111111100
0000000111111111111111001100
0000111111111111111100001000
0111111111111111110000001000
1111111111111111100000001000
0011111111111110000000001000
0000011111111000000000000000
0000000000000000000000000000
0000000000000000000000000000
0000000000000000000000000000
