0000000000000000000000000000
0000000000000000000000000000
0000000000000000000000000000
0000000000000000000000000000
0000000000000000000000000000
0000000000000000000000000000
0000000000000001111100000000
0000000000000011111111111110
0000000000000011111111111110
0000000000000011111111111110
0000000000000111111111111110
0000000000000111111111111110
0000000000000111111111111110
0000000000001111111111111111
0000000000011111111111111110
0000000000111111111111111111
0000000001111111110111111111
0000000111111111111101111111
0111111111111111111111111111
1111111111111111111111111111
1111111111111111111111111111
0111111111111111110111111111
0000111111111110000011110000
0000000000000000000000000000
0000000000000000000000000000
0000000000000000000000000000
0000000000000000000000000000
0000000000000000000000000000
