0000000000000000000000000000
0000000000001111111111111100
0000000000011111111111111100
0000000000011111111111111100
0000000000011111111111111100
0000000000011111111111111100
0000000000011111111111111100
0000000000011111111111111100
0000000000011111111111111100
0000000000011111111111111110
0000000000011111111111111110
0000000000011111111111111110
0000000000011111111111101110
0000000000011111111111111110
0000000000011111111111111110
0000000000011111111111111110
0000000000011111111111111110
0000000000111111111111100100
0000000000111111111110000100
0000000000111111111100000100
0000000001111111111000000100
0000000011111111111000000100
0000001111111111110000000100
0011110001111111110000000100
0011111111111111100000001100
0000111111111111100000001100
0000000011111111000000001100
0000000000000000000000000000
