0000000000000000000000000000
0000000000000000000000000000
0000000000000000000000000000
0000000000000000000000000000
0000000000001111100000000000
0000000000001111111111000010
0000000000001111111111111110
0000000000001111111111111110
0000000000001111111111111110
0000000000000111111111111110
0000000000011111111111111110
0000000000011111111111111110
0000000000011111111111111110
0000000000011111111111111100
0000000000011111111111111100
0000000000011111111111111100
0000000010111111111111111110
0000001111111111111111111110
0001111111111111111111111110
0111111111111111111111111110
0111111111111111111111111110
0000011111111001111111100110
1100000111000000111000010000
0011111000011100000100000110
0000001111111111111010111100
0000000000000000000000000000
0000000000000000000000000000
0000000000000000000000000000
