0000000000000000000000000000
0000000000000111110000000000
0000000000000111111111110000
0000000000000111111111110000
0000000000000111111111110000
0000000000000111111110110000
0000000000000111111111110000
0000000000001111011111110000
0000000000000111111111111000
0000000000001111111111111000
0000000000001101111111111000
0000000000001110011110111100
0000000000011111111111111100
0000000000011111111111010100
0000000000011111111111111110
0000000000011011111111111110
0000000000111110111110111100
0000000000111111111111111100
0000000001111111111111111100
0000000011111111111011011100
0000000111111011111011111100
0000111110110111110001111100
0011110111011111100001111100
0111111111111111000001111100
0011111101111110000001111100
0011111111111100000001111100
0000000011111000000001111100
0000000000000000000000000000
