0000000000000000000000000000
0000000000000000000000000000
0000000000000000000000000000
0000000000000000000000000000
0000000000000000000000000010
0000000000000001111000011110
0000000000000001111000111100
0000000000000011111111111100
0000000000000011111111111100
0000000000000111111111111110
0000000000000111111111111110
0000000000000111111111111110
0000000000001111111111111110
0000000000011111111111111110
0000000000011111111111111110
0000000000111111111111111110
0000000001111111111111111110
0000000111111111111111111110
0000011111111111111111111110
0111110011111111111111111110
0111111111111111111111111110
0000001111111111111111111110
0000000000000000000000000011
0000000000000000000000000010
0000000000000000000000000000
0000000000000000000000000000
0000000000000000000000000000
0000000000000000000000000000
