0000000000000000000000000000
0000000000000111000001111000
0000000000001111111111111000
0000000000001111111111111000
0000000000010111111111111000
0000000000010111111111111000
0000000000000111111111111000
0000000000000111111111111000
0000000000011111111111111000
0000000000011111111111111000
0000000000011111111111111000
0000000000011111111111111000
0000000000001111111111111100
0000000000001111111111111100
0000000000001111111111111100
0000000000001111111111111100
0000000000011111111111111100
0000000000011111111111111100
0000000000111111111111111100
0000000000111111111111111100
0000000001111111111100111100
0000000011111111111000111100
0000001111111111110000111100
0000110011111111110000111100
0011110111111111100000111100
0111111111111111000000111100
0011111111111110000000111100
0000000000000000000000100000
