0000000000000000000000000000
0000000000000000000000000000
0000000000000000000000000000
0000000000000000000000000000
0000000000000000000000000000
0000000000000001100000000000
0000000000000001110000000000
0000000000000001111000011100
0000000000000001111111111100
0000000000000011111111111100
0000000000000011111111111110
0000000000000111111111111110
0000000000000111111111111110
0000000000001111111111111110
0000000000001111111111111110
0000000000111111111111111110
0000000001111111111111111110
0000000111111111111111111110
0111111111111111111111111110
0111111111111111111111111110
0111111111111111111111111110
0111111111111111111111111110
0011111111111111111000000010
0000011111111000000111111110
0000000000000000000100000000
0000000000000000000000000000
0000000000000000000000000000
0000000000000000000000000000
