0000000000000000000000000000
0000000000000000000000010000
0000000000000000000000010000
0000000000000000000010100000
0000000000011111111111100000
0000000000011111111111110000
0000000000011111111111110000
0000000000011111111111110000
0000000000011111111111110000
0000000000001111111111111000
0000000000001111111111111000
0000000000001111111111111000
0000000000001111111111111100
0000000000001111111111111100
0000000000001111111111111100
0000000000001111111111111100
0000000000001111111111111100
0000000000011111111111111100
0000000000011111111111111100
0000000000111111111110111100
0000000000111111111100111100
0000000001111111111000111100
0000000111111111111000111100
0001111111111111110000111100
0011111111111111110000111100
0011111111111111100000111110
0000111111111111000000111110
0000000000000000000000011000
