0000000000000000000000000000
0000000000000000000000000000
0000000000000000000000000000
0000000000000000000000000000
0000000000000000000000000000
0000000000000000000001000000
0000000000000000000001111100
0000000000000011111111001100
0000000000000111111111011100
0000000000000111111110111100
0000000000000111111110111100
0000000000001111111111011100
0000000000001111111111101110
0000000000111111111110110010
0000000001111111111110111100
0000001111111111111110111100
0011111111111111111110010010
0111111111111111111111001110
1111111111111111111111101000
1111111111111111111111111110
0111111111111111111111111111
0011111111111111111111111111
0000011111111111111111111100
0000000000000000000000000000
0000000000000000000000000000
0000000000000000000000000000
0000000000000000000000000000
0000000000000000000000000000
