0000000000000000000000000000
0000000000000111110001100000
0000000000000111111111110000
0000000000001111111111110000
0000000000001111111111111000
0000000000001111111111111000
0000000000001111111111111100
0000000000001111111111111100
0000000000001111111111111110
0000000000001111111111111110
0000000000011111111111111110
0000000000011111111111111111
0000000000111111111111111111
0000000000111111111111111111
0000000000111111111111111110
0000000001111111111111111110
0000000001111111111111000110
0000000011111111111110000110
0000000111111111111100000110
0000011111111111111000000110
0011100111111111110000000110
0111111111111111100000000110
1111111111111111100000000110
1111111111111111000000000110
0011111111111111000000000110
0000011111111110000000000110
0000000000011000000000000000
0000000000000000000000000000
