0000000000000000000000000000
0000000000000000000000000000
0000000000000000000000000000
0000000000000000000000000000
0000000000000001111100000000
0000000000000001111111111110
0000000000000001111111111110
0000000000000001111111111110
0000000000000001111111111110
0000000000000001111111111110
0000000000000001111111111110
0000000000000001111111111110
0000000000000001111111111110
0000000000000011111111111110
0000000000000111111111111110
0000000000001111111111111110
0000000000111111111111111110
0000000111111111111111111110
0011111111111111111111111110
0111111111111111111111111110
0111111111111111111111111110
1111111111111111111111111110
0011111111111111100111111111
0000001111111100000111111110
0000000000000000000000000000
0000000000000000000000000000
0000000000000000000000000000
0000000000000000000000000000
