0000000000000000000000000000
0000000000000000000000000000
0000000000000000000000000000
0000000000000000000000000000
0000000000000000000000000000
0000000000000000111111111110
0000000000000000111111111110
0000000000000000111111111110
0000000000000001111111111110
0000000000000001111111111110
0000000000000011111111111100
0000000000000011111111111110
0000000000000111111111111110
0000000000001111111111111110
0000000000001111111111111110
0000000000011111111111111110
0000000001111111111111111110
0000001111111111111111111110
0011111111111111111111111110
0111111111111111111111111110
0111111111111111111111111110
0001111111111111101111111100
0000000011111100001111111100
0000000000000000000000000000
0000000000000000000000000000
0000000000000000000000000000
0000000000000000000000000000
0000000000000000000000000000
