0000000000000000000000000000
0000000000000000000000000000
0000000000000000000000000000
0000000000000000000000000000
0000000000000000000000000000
0000000000000000000100000000
0000000000000111111100000000
0000000000000111111100111110
0000000000000111111111111100
0000000000000111111111111110
0000000000001111111111111110
0000000000001111111111110110
0000000000001111111111100110
0000000000011111111110000111
0000000000011111111100001111
0000000000111111111111111111
0000000000111111111111111110
0000000001111111111111111110
0000000111111111111111111110
0000111111111111111100011100
0111110001111111110000001100
1111111111111111000000001100
0111111111111110000000001000
0000001111111000000000001000
0000000000000000000000000000
0000000000000000000000000000
0000000000000000000000000000
0000000000000000000000000000
