0000000000000000000000000000
0000000000000000000000000000
0000000000000000000000000000
0000000000000000000000000000
0000000000000000000111111100
0000000000000000011111111100
0000000000000000110101111100
0000000000000000110111111100
0000000000000001101111111100
0000000000000011010111111100
0000000000000111101111111000
0000000000001110111111111100
0000000000001111111111111100
0000000000011110111111111100
0000000000111111111000010100
0000000000110101110000111110
0000000000100111111111111110
0000000110111111111111000010
0010111000001111000011111110
0100000001111100111111111110
1111111111110111111111111110
1111111111111111111111111110
0011111111111110000111111111
0000001111111000000011111100
0000000000000000000000000000
0000000000000000000000000000
0000000000000000000000000000
0000000000000000000000000000
