0000000000000000000000000000
0000000000000000000000000000
0000000000000000000010000000
0000000000000000001110000000
0000000000001111111111000000
0000000000001111111111000000
0000000000001111111111000000
0000000000001111111111100000
0000000000001111111111100000
0000000000001111111111110000
0000000000011111111111111000
0000000000011111111111111100
0000000000011111111111111110
0000000000011111111111111110
0000000000011111111111111111
0000000000011111111111111110
0000000000111111111111111110
0000000000111111111101111110
0000000000111111111111111110
0000000001111111111111111110
0000000011111111111100111110
0000001111111111111000111110
0001111111111111110000111110
0111111111111111100000111110
1111111111110111000000111110
0011111111111110000000111110
0000000111111000000000010000
0000000000000000000000000000
