0000000000000000000000000000
0000000000000000000000000000
0000000000000000000000000000
0000000000000000010000000000
0000000000000011111111100000
0000000000000011111111111110
0000000000000011111111111110
0000000000000011111111111110
0000000000000011111111111110
0000000000000111111111111110
0000000000001111111111111100
0000000000001111111111111100
0000000000011011111111111100
0000000000011011111111111100
0000000000100111111111111100
0000000000000111111111111100
0000000000011111111111111100
0000000000011111111111111110
0010000001111111111111111110
0111111111111111111111111110
0110010111111111111111111100
0111111111111111111111111100
0011111111111111111111111100
0001111111111111110111111100
0000011111111110000011111000
0000000001110000000011111000
0000000000000000000000000000
0000000000000000000000000000
