0000000000000000000000000000
0000000000000000000000000000
0000000000000000000000000000
0000000000000000001111000000
0000000000000000011111111110
0000000000000000011111111100
0000000000000000111111111100
0000000000000000111111111100
0000000000000000111111111100
0000000000000001111111111100
0000000000000001111111111100
0000000000000011111111111100
0000000000000011111111111100
0000000000000111111111111110
0000000000001111111111111110
0000000000011111111111111110
0000000000011111111111111110
0000000000111111111111111110
0000000001111111111111111110
0000000011111111111111111110
0000001111111111111111111110
0000011100111111111001111110
0011111011111111100001111110
1111111111111111000001111110
0111111111111100000001111110
0000000000000000000001111110
0000000000000000000000000000
0000000000000000000000000000
