0000000000000000000000000000
0000000000000000000000000000
0000000000000000000000000000
0000000000000000000000000000
0000000000000000111111111100
0000000000000000111111111110
0000000000000000111111111110
0000000000000001111111111100
0000000000000001111111111100
0000000000000001111111111100
0000000000000001111111111100
0000000000000011111111111100
0000000000000011111111111100
0000000000000111111111111110
0000000000001111111111111110
0000000000011111111111111110
0000000000111111111111111110
0000000001111111111111111110
0010111101111111111111111110
0111000111111111111111111110
0111111111111111111111111110
1111111111111111111111111110
0111111111111111111111111110
0001111111111111000111111110
0000001111110000000111111110
0000000000000000000000000000
0000000000000000000000000000
0000000000000000000000000000
