0000000000000000000000000000
0000000000000000000000000000
0000000000000000000000000000
0000000000000111100000000000
0000000000000111111111111000
0000000000000111111111111000
0000000000001111111111111000
0000000000001111111111111100
0000000000011111111111111100
0000000000111111111111111100
0000000000111111111111111110
0000000000111111111111111110
0000000001111111111111111110
0000000011111111111111111110
0000000011111111111111111110
0000000111111111111111111110
0000001111111111111111111110
0111111111111111111111111110
1111111111111111111111111110
1111111111111111111111111110
1111111111111111111111111100
1111111111111111111111111100
1111111111111111111111111100
0000011111111111101110111100
0000011100111111101110011000
0000000000000000000000000000
0000000000000000000000000000
0000000000000000000000000000
