0000000000000000000000000000
0000000000000000000000000000
0000000000000000011110000000
0000000000000011111111111100
0000000000000011111111111100
0000000000000011111111111100
0000000000000011011111111100
0000000000000011011111111100
0000000000000010011111111100
0000000000000110111111111110
0000000000000110111111111110
0000000000000100111111111110
0000000000001101111111111111
0000000000001001111111111111
0000000000011011111111111111
0000000000011111111111111111
0000000000010111111111111110
0000000000110111111111111110
0000000001111111111111111100
0000000011111111111111111000
0000000111111111111111111000
0111111111111111111110111000
0111111111111111111100111100
0110011111111111111100011000
1111111111111111111000000000
0111111111111111110000000000
0000000001111110000000000000
0000000000000000000000000000
