0000000000000000000000000000
0000000000000000000000000000
0000000000000000000000000000
0000000000000000000000000000
0000000000000000000000000000
0000000000000000000000000100
0000000000000000000000000100
0000000000000000110000111000
0000000000000000111111111000
0000000000000001111111111000
0000000000000001111111111100
0000000000000011111111111100
0000000000000011111111111100
0000000000000111111111111110
0000000000001111111111111110
0000000000011011111111111110
0000000011100111111111111110
0011111111001111111111111110
0111000111111111111111111110
1111111111111111111111111110
1111111111111111111111111110
0011111111111111000111111111
0000000011100000000111111000
0000000000000000000000000000
0000000000000000000000000000
0000000000000000000000000000
0000000000000000000000000000
0000000000000000000000000000
