0000000000000000000000000000
0000000000000000000000000000
0000000000000000000000000000
0000000000000000000000000000
0000000000000000000000001100
0000000000000000000000001100
0000000000000001100000111100
0000000000000010111111111100
0000000000000011111111111100
0000000000000011111111111100
0000000000000110111111111100
0000000000000110111111111110
0000000000001110111111011110
0000000000001110111111011110
0000000000001110111110011111
0000000000011111111110111111
0000000000011111111111111111
0000000000111111111111111111
0000000001111111111111111110
0000000111111111111111111110
0000011111111111111011111110
0000111111111111100011111110
1111000111111111000011111110
0111111111111100000011111110
0000011111111000000011111110
0000000000000000000000000000
0000000000000000000000000000
0000000000000000000000000000
