0000000000000000000000000000
0000000000000000000000000000
0000000000000000000000000000
0000000000000000000000000000
0000000000000000000000000000
0000000000000000000000000110
0000000000000000010000000110
0000000000000000111111011110
0000000000000001111111111110
0000000000000001111111111110
0000000000000011111111111110
0000000000000111111111111110
0000000000001111111111111110
0000000000011111111111111110
0000000001111111111111111111
0000001111111111111111111111
0011111111111111111111111111
0111111111111111111111111111
1111111111111111111111111111
0111111111111111111100000010
0100000000000000000000111110
0001111110111111111111111110
0000000000000111000000000000
0000000000000000000000000000
0000000000000000000000000000
0000000000000000000000000000
0000000000000000000000000000
0000000000000000000000000000
