0000000000000000000000000000
0000000000000000000000000000
0000000000001111111100000000
0000000000001111111111111110
0000000000001111111111111100
0000000000011111111111111100
0000000000111111111111111100
0000000000011111111111111100
0000000010011111111111111110
0000000011111111111111111110
0000000000111111111111111110
0000000000011111111111111110
0000000000111111111111111110
0000000000111111111111111110
0000000000111111111111111110
0000000000111111111111111110
0000000001111111111111111110
0000000001111111111111111111
0000000011111111111111111100
0000000001111111111111011100
0000000011111111111110001100
0000000111111111111100011100
0000111111111111111000011100
0011111111111111100000011100
0111111111111111000000011100
0111111111111111000000011100
0001111111111110000000011100
0000000000000000000000001000
