0000000000000000000000000000
0000000000000000000000000000
0000000000000000000000000000
0000000000000000000000000000
0000000000000111111111000000
0000000000000111111111111110
0000000000000111111111111110
0000000000000111111111111100
0000000000000111111111111100
0000000000000111111111111100
0000000000000111111111111100
0000000000000111111111111100
0000000000001111111111111100
0000000000001111111111111110
0000000000001111111111111110
0000000000010111111111111111
0000000000111111111111111100
0000000001010111111111111000
0000000100000011111111111100
0110011111100001111111111100
0110000111001111111111111100
1111111011111111111111111100
1111111111111111111111111100
0011111111111111111111111100
0000000111111110000111111100
0000000000000000000000000000
0000000000000000000000000000
0000000000000000000000000000
