0000000000000000000000000000
0000000000000000000000000000
0000000000000000000000000000
0000000000000000000000001100
0000000000000000000000000100
0000000000000011110111111100
0000000000000011111111111100
0000000000000011111111111100
0000000000000111111111111100
0000000000000111111111111100
0000000000000111111111111100
0000000000001111111111111100
0000000000001111111111111100
0000000000011111111111111110
0000000000011111111111110110
0000000000111111111111000110
0000000001111111111111111110
0000000111111111111111111110
0001111001111111111111111110
0110110001111111111111111110
0111110111111111111111111110
1111111111111111111111111110
1111111111111111100111111110
1111111111111111000111111110
0111111111111100000111111110
0001111111111000000111111110
0000000111100000000111111110
0000000000000000000000000000
