0000000000000000000000000000
0000000000000000000000000000
0000000000000110000000000000
0000000000000111111111000000
0000000000000111111111111110
0000000000000111111111111111
0000000000000111111111111111
0000000000001111111111111110
0000000000001111111111111110
0000000000001111111111111110
0000000000001111111111111110
0000000000001111111111111110
0000000000001111111111111100
0000000000001111111111111100
0000000000011111111111111100
0000000000011111111111111100
0000000000111111111111111100
0000000001111111111111111100
0000001111111111111111111100
0111111111111111111111111100
0111111111111111111111111100
0111111111111111111111111100
1111111111111111111111111100
1111111111111111111111111000
0011111111111111111111111100
0000011111111110001111111100
0000000000000000000000000000
0000000000000000000000000000
