0000000000000001111111000000
0000000000000111111111110000
0000000000000111111111110000
0000000000000111111111110000
0000000000000111111111110000
0000000000000111111111100000
0000000000000111111111110000
0000000000000111111111110000
0000000000000111111111110000
0000000000000111111111111000
0000000000000111111111111000
0000000000000111111111111100
0000000000001111111111111100
0000000000001111111111111000
0000000000001111111111111000
0000000000001111111111111000
0000000000011111111110011000
0000000000011111111100010000
0000000000011111111000010000
0000000000111111111000010000
0000000011111111110000010000
0000011111111111110000010000
0001111111111111100000010000
0001111111111111100000010000
0000111111111111000000010000
0000011111111111000000010000
0000000001111110000000010000
0000000000000000000000000000
