0000000000000000000000000000
0000000000000000000000000000
0000000000000000000000000000
0000000000000000000000000000
0000000000000000000000000000
0000000000000000000000000000
0000000000000000000000000000
0000000000000000010000000100
0000000000000000111000001110
0000000000000000111100011100
0000000000000001111110011100
0000000000000111111110011110
0000000000001111111110111110
0000000000111111111111111110
0000000001111111111111111110
0011111111111111111111111111
0111111111111111111111111110
1111111111111111111111111110
0111111111111111111111111110
0001111111111111111111111111
0000000001110000000010000000
0000000000000000000000000000
0000000000000000000000000000
0000000000000000000000000000
0000000000000000000000000000
0000000000000000000000000000
0000000000000000000000000000
0000000000000000000000000000
