0000000000000000000000000000
0000000000000000000000000000
0000000000000011111000000000
0000000000000011111000000000
0000000000000011111111111100
0000000000000011111111111100
0000000000000011111111111000
0000000000000011111111111000
0000000000000011111111111000
0000000000000011111111111000
0000000000000111111111111100
0000000000000111111111111100
0000000000000111111111111100
0000000000001111111111111110
0000000000001111111111111110
0000000000011111111111111110
0000000000011111111111111110
0000000000111111111111111110
0000000001111111111111111110
0000000111111111111111111100
0011111000111111111100111100
0111000000111111111000111100
0111111111111111100000111100
0111111111111111000000111100
0001111111111110000000111100
0000000011110000000000111100
0000000000000000000000000000
0000000000000000000000000000
