0000000000000000000000000000
0000000000000000000000000000
0000000000000000000000000000
0000000000000000000000000000
0000000000000000000000000000
0000000000000000000000000001
0000000000000000000000000111
0000000000000000001111111100
0000000000000000011111111100
0000000000000000111111111100
0000000000000000111111111100
0000000000000000111111111100
0000000000000001111111111100
0000000000000011111111111100
0000000000000011111111111110
0000000000001111111111111110
0000000000011111111111111110
0000000000111111111111111110
0000000011111111111111111110
0011111111111111111111111110
0111111111000011111111111110
1111111111111111111111111110
0111111111111111111111111110
0000111111111110000011111000
0000000000000000000000000000
0000000000000000000000000000
0000000000000000000000000000
0000000000000000000000000000
