0000000000000000000000000000
0000000000000000000000000000
0000000000000000100000000000
0000000000000000110000000100
0000000000000000111100000000
0000000000000001111111111100
0000000000000011111111111100
0000000000000011111111111100
0000000000000111111111111100
0000000000000100111111111100
0000000000000100111111111100
0000000000000111101111111100
0000000000001111111111111100
0000000000111111111111111100
0000000000111111111111111100
0000000001111111111111111110
0000000011111111111111111110
0000000111111111111111111110
0000001011111111111111111110
0011110111111111111111111110
0111110111111111111111111110
0111111111111111111111111110
0111111111111111111111111110
0111111111111111000011111110
0001111111111100000011111110
0000001111100000000000000000
0000000000000000000000000000
0000000000000000000000000000
