0000000000000000000000000000
0000000000000000000000000000
0000000000000000000000000000
0000000000000000000000000000
0000000000000000000000000000
0000000000000000000000000000
0000000000000000000000000100
0000000000000000011000000100
0000000000000000111111111100
0000000000000000111111111100
0000000000000000111111111100
0000000000000001111111111100
0000000000000001111111111100
0000000000000011111111111100
0000000000000111111111111110
0000000000001111111111111110
0000000000111111111111111110
0000000011111111111111111111
0000011111111111111111111111
0111111111111111111111111111
1111111111111111111111111110
0011111111111111111011111111
0000000011111000000011111110
0000000000000000000000000000
0000000000000000000000000000
0000000000000000000000000000
0000000000000000000000000000
0000000000000000000000000000
