0000000000000000000000000000
0000000000000000000000000000
0000000000000000000000000000
0000000000000000000000000000
0000000000000000000000000000
0000000000000000000000000000
0000000000000000011111111100
0000000000000000111111111100
0000000000000000111111111100
0000000000000000111111111100
0000000000000001111111111100
0000000000000011111111111100
0000000000000111111111111100
0000000000001111111111111110
0000000000011111111111111110
0000000000111111111111111110
0000000011111111111111111110
0000011111011111111111111110
0011111100011111111111111110
1111111111111111111111111111
0111111111111111100111111111
0000111111111100000111111110
0000000000000000000000000000
0000000000000000000000000000
0000000000000000000000000000
0000000000000000000000000000
0000000000000000000000000000
0000000000000000000000000000
