0000000000000000000000000000
0000000000000000000000000000
0000000000000000000000000000
0000000000000000000000000000
0000000000000000000000000000
0000000000000001111111000100
0000000000000011111111111000
0000000000000011111111111000
0000000000000011111111111000
0000000000000011111111111000
0000000000000011111111111000
0000000000000111111111111000
0000000000001111111111111000
0000000000001111111111111100
0000000000011111111111111100
0000000001101111111111111100
0000000011001111111111111100
0001111100111111111111111100
0010001001111111111011111110
0111101111111111111111111110
1111111111111111111111111110
1111111111111111111011111110
0111111111111111000011111111
0000111111111000000011111110
0000000000000000000000000000
0000000000000000000000000000
0000000000000000000000000000
0000000000000000000000000000
