0000000000000000000000000000
0000000000000000000000000000
0000000000000000000000000000
0000000000000000000000000000
0000000000000000001111000000
0000000000000011111111111100
0000000000000011111111111100
0000000000000011111111111100
0000000000000011111111111000
0000000000000011111111111000
0000000000000111111111111100
0000000000000111111111111100
0000000000000111111111111100
0000000000001111111111111110
0000000000011111111111111110
0000000000111111111111111110
0000000000111111111111111111
0000000001111111111111111111
0000000111111111111111111110
0000011111111111111111111110
0111111111111111111110111110
1111111111111111111000111110
1111111111111111000000111110
0001111111111100000000111110
0000000000100000000000010000
0000000000000000000000000000
0000000000000000000000000000
0000000000000000000000000000
