0000000000000000000000000000
0000000000000000000000000000
0000000000000000000000000000
0000000000000000000000000000
0000000000000000000000000000
0000000000000000000110000000
0000000000000111111111111110
0000000000000111111111111110
0000000000000111111111111110
0000000000000111111111111110
0000000000000111111111111110
0000000000000111111111111110
0000000000000111111111111110
0000000000001111111111111110
0000000000011111111111111110
0000000000111111111111111110
0000111111111111111111111110
0011111111111111111111111110
0111111111111111111111111110
1111111111111111111111111110
0111111111111111111111111111
0001111111111111111111111111
0000000001111111111111100000
0000000000000000000000000000
0000000000000000000000000000
0000000000000000000000000000
0000000000000000000000000000
0000000000000000000000000000
