0000000000000000000000000000
0000000000000011000000000000
0000000000000011100000000000
0000000000000111110100000000
0000000000000111111110000000
0000000000000111111110000000
0000000000001111111110000000
0000000000001111111110000000
0000000000001111111110000000
0000000000001111111110000000
0000000000001111111110000000
0000000000001111111110000000
0000000000001111111111000000
0000000000001111111111000000
0000000000001111111111000000
0000000000001111111111000000
0000000000001111111111100000
0000000000001111111111100000
0000000000001111111111100000
0000000000011111111111100000
0000000000011111111101000000
0000000000011111111001000000
0000000000111111110001000000
0000000000111111100001000000
0000001111111111100001000000
0000011111111111000001000000
0000001111111111000001000000
0000000000111100000000000000
