0000000000000000000000000000
0000000000000000000000000000
0000000000000000000000000000
0000000000000000000000000000
0000000000000000000000000000
0000000000000000000000000000
0000000000000000000000000000
0000000000000000010000000000
0000000000000000111111110110
0000000000000001111111111110
0000000000000111111111111110
0000000000000111111111111110
0000000000001111111111111110
0000000000011111111111111110
0000000000111111111111111110
0000000011111111100111111110
0000001111111111111111111110
0111111111111111111111111110
0111111111111111111111111110
0111111111111111111111111110
0001111111111111000111111110
0000000000000000000111111110
0000000000000000000000000000
0000000000000000000000000000
0000000000000000000000000000
0000000000000000000000000000
0000000000000000000000000000
0000000000000000000000000000
