0000000000000000000000000000
0000000000000000000000000000
0000000000000000000000000000
0000000000000000000000000000
0000000000000000000000000000
0000000000000000000000000000
0000000000000000000000000000
0000000000000000100000000000
0000000000000000111111101110
0000000000000001111111111110
0000000000000001111111111100
0000000000000001111111111110
0000000000000011111111111110
0000000000000111111111111110
0000000000011111111111111110
0000000001111111111111111110
0001111111111111111111111111
0111111111111111111111111111
0111111111111111111111111110
1111111111111111111111111110
0001111111111111100111111110
0000000000000000000011111000
0000000000000000000000000000
0000000000000000000000000000
0000000000000000000000000000
0000000000000000000000000000
0000000000000000000000000000
0000000000000000000000000000
