0000000000000000000000000000
0000000000000000000000000000
0000000000000000000000000000
0000000000000000000000000000
0000000000000000011000000000
0000000000000000011111101100
0000000000000000111111111110
0000000000000000111111111110
0000000000000001111111111110
0000000000000001111111111110
0000000000000001111111111100
0000000000000011111111111100
0000000000000011111111111100
0000000000000111111111111100
0000000000011111111111111100
0000000000111111111111111110
0000000000111111111111111110
0000000111111111111111111110
0011111111111111111111111110
0111001111111111111111111110
1111111111111111111111111110
0111111111111111111111111110
1111100111111111111111111110
0011111111111100000011111111
0000000001100000000000000000
0000000000000000000000000000
0000000000000000000000000000
0000000000000000000000000000
