0000000000000000000000000000
0000000000000000000000000000
0000000000000000000000000000
0000000000000011111111100100
0000000000000011111111111100
0000000000000011111111111100
0000000000000011111111111100
0000000000000011111111111100
0000000000000011111111111100
0000000000000011111111111100
0000000000000111111111111100
0000000000000111111111111100
0000000000000111111111111110
0000000000001111111111111110
0000000000001111111111111111
0000000000011111111111111111
0000000000111111111111111111
0000000000111111111111111111
0000000001111111111111111111
0011111111111111111111111111
0111111111111111111111111111
0111111111111111110001111111
0111111111111111000001111111
0001111111111100000001111111
0000000011100000000001111100
0000000000000000000000000000
0000000000000000000000000000
0000000000000000000000000000
