0000000000000000001110100000
0000000000000000011111111110
0000000000000000011111111110
0000000000000000011111111110
0000000000000000011111111110
0000000000000000111111111110
0000000000000000111111111110
0000000000000000111111111100
0000000000000000111111111100
0000000000000001111111111100
0000000000000001111111111100
0000000000000001111111111110
0000000000000001111111111110
0000000000000011111111111110
0000000000000011111111111110
0000000000000111111111111111
0000000000000111111111111111
0000000000001111111111111111
0000000000011111111111111110
0000000000111111111111111110
0000000011111111111111111110
0000011111111111111111111110
0011111111111111111011111100
0111111111111111110011111100
0011111111111111100011111100
0000011111111110000011111100
0000000001111000000011000000
0000000000000000000000000000
