0000000000000000000000000000
0000000000000000000000000000
0000000000000000000000000000
0000000000000000000000000000
0000000000000000000000000000
0000000000000000100000000000
0000000000000000111110000000
0000000000000001111111000100
0000000000000001111111111110
0000000000000001111101111110
0000000000000011111101111110
0000000000000111111111111110
0000000000000111111111111110
0000000000001111111111111110
0000000000011111111111111110
0000000001111111111111111110
0000000011111111111111111110
0000111111111111111111111110
0111101111111111111111111110
0111111111111111111111111110
1111111111111111111111111110
0111111111111111000111111110
0000000000000000000011111100
0000000000000000000000000000
0000000000000000000000000000
0000000000000000000000000000
0000000000000000000000000000
0000000000000000000000000000
