0000000000000000000000000000
0000000000000000000000000000
0000000000000000000000000000
0000000000000000000000000000
0000000000000000000000000100
0000000000000000000000001100
0000000000000111110011111100
0000000000000111111111111100
0000000000000111111111111100
0000000000001111111111111110
0000000000001111111111101110
0000000000011111111111101110
0000000000011111111111111111
0000000000111111111111111111
0000000000111111111111111111
0000000001111111111111111110
0000000001111111111111111110
0000000011111111111110111110
0000000111111111111000111110
0000011011111111110000111100
1111111111111111000000111100
1111111111111110000000111100
1111111111111100000000111100
0111111111111000000000111100
0000000011110000000000111100
0000000000000000000000000000
0000000000000000000000000000
0000000000000000000000000000
