0000000000000000000000000000
0000000000000000000000000000
0000000000000000001100000000
0000000000000000011111110001
0000000000000000011111111110
0000000000000000011111111110
0000000000000000011111111110
0000000000000000011111111110
0000000000000000011111111110
0000000000000000111111111100
0000000000000000111111111100
0000000000000001111111111100
0000000000000011111111111100
0000000000000111111111111100
0000000000001111111111111100
0000000000011111111111111100
0000000000011111111111111100
0000000011111111111111111110
0011111111111111111111111110
0110111100111111111111111110
1111111111111111111111111110
1111111111111111111111111110
0111111111111111111111111110
0011111111111111111111111110
0000111111111110000111111110
0000000001010010000000000000
0000000000000000000000000000
0000000000000000000000000000
