0000000000000000000000000000
0000000000000000000000000000
0000000000000000000000000100
0000000000000001111100000110
0000000000000001111111111110
0000000000000001111111111110
0000000000000001111111111110
0000000000000001111111111110
0000000000000001111011111110
0000000000000011111111111110
0000000000000011111111111110
0000000000000011111111111110
0000000000000111111111111110
0000000000001111111111111110
0000000000111111111111111111
0000000000111111111111111111
0000000011111111111111111111
0000011111111111111111111111
0011111111111111111111111110
0111111111111111111111111110
0111111111111111111111111100
0111111111111111111100000000
0111111111111111111000000000
0011111111111111100000000000
0000011111111110000000000000
0000000000000000000000000000
0000000000000000000000000000
0000000000000000000000000000
