0000000000000000000000000000
0000000000000000000000000000
0000000000000000000000000000
0000000000000000000000000000
0000000000000000000000000000
0000000000000000000000000000
0000000000000000011000000000
0000000000000000111111111110
0000000000000000111111111110
0000000000000000111111111100
0000000000000000111111111100
0000000000000000111111111100
0000000000000001111111111100
0000000000000011111111111100
0000000000001111111111111110
0000000001110111111111111110
0011111110001111111111111110
0111000001111111111111111110
1111111111111111111111111110
0111111111111111111111111110
0000111111111111111111111111
0000000111111110000011111110
0000000000000000000000000000
0000000000000000000000000000
0000000000000000000000000000
0000000000000000000000000000
0000000000000000000000000000
0000000000000000000000000000
