0000000000000000000000000000
0000000000000000000000000000
0000000000000000000000000000
0000000000000000000000000000
0000000000000001000001000000
0000000000000001111111111100
0000000000000001111111111100
0000000000000011111111111100
0000000000000011111111111100
0000000000000011111111111100
0000000000000111111111111100
0000000000001111111111111100
0000000000001111111111111110
0000000000011111111111111110
0000000000111111111111111110
0000000000111111111111111111
0000000001111111111111111111
0000000011111111111111111110
0000000111111111111111111110
0000011111111111111111111110
0111111111111111111000011110
1111111111111111100000111111
0111111111111110000000111111
0000000000100000000000110000
0000000000000000000000000000
0000000000000000000000000000
0000000000000000000000000000
0000000000000000000000000000
