0000000000000101000000000000
0000000000011111100000000000
0000000001111111011100000000
0000000001111011011100000000
0000000001111011011110000000
0000000001111111011110000000
0000000001111011011110000000
0000000011111011011110000000
0000000011111011011110000000
0000000011111011011110000000
0000000011111011111111000000
0000000011111011111111000000
0000000011111111110111000000
0000000011111111110111000000
0000000110111011011111000000
0000000110111011011111000000
0000000110111111111011000000
0000000110111111111011000000
0000000110111111111011000000
0000000000111111111000000000
0000000000111111111000000000
0000000000111111111000000000
0000000000111111111000000000
0000000000111111111000000000
0000000000111111111000000000
0000000000111111111000000000
0000000000111111111000000000
0000000000011011010000000000
