0000000000000000000000000000
0000000000011111111000000000
0000000011111101111100000000
0000001111111111111111000000
0000001111111111111111100000
0000001111111111111111100000
0000001111111111111111100000
0000011111111111111111100000
0000011111111111111111110000
0000011111111111111111110000
0000011111111111111111110000
0000011111111111111111110000
0000011111111111111111110000
0000011111111111111111110000
0000111101111111111101111000
0000011101101111111101111000
0000111101011111111101111000
0000111111001101100101111000
0000101011001000110101111000
0000111011001100100010101000
0000111011001110000010111000
0000111011001110000011111000
0000101011001110000001101000
0000101011001110000001101000
0000101011000110000000111000
0000111000000000000000111000
0000111000000000000000111000
0000000000000000000000000000
