0000000000000000000000000000
0000000000000000000000000000
0000000000000000000000000000
0000000000000000000000000000
0000000000000000000000000000
0000000000000000000000000000
0000000000000000000000000000
1111111111111111111111111111
1111111111111111111111111111
1111111111111111111111111111
1111111111111111111111111111
1111111111111111111111111110
1000111111111111111111111100
1100011111111111111111111100
1100011111111111111111111111
1100011111111111111111111111
1100111111111010111111111111
1100111111111111111111111111
1100111001111111111111111101
1000100000000000000000000110
1011111111111111011011100001
1111111110000000000000000000
0000000000000000000000000000
0000000000000000000000000000
0000000000000000000000000000
0000000000000000000000000000
0000000000000000000000000000
0000000000000000000000000000
