0000000011111111111100000000
0000001111111111111111000000
0000011111111111111111100000
0000011111111111111111100000
0000011111111111111111100000
0000111111111111111111110000
0000011111111111111111100000
0000000111111111111110000000
0000000011100000111100000000
0000000001110111011000000000
0000000001101111101000000000
0000000001101101101000000000
0000000001101101101000000000
0000000001101111011100000000
0000000001110010111100000000
0000000011111111111100000000
0000000011111111111100000000
0000000011111111111100000000
0000000011111111111100000000
0000000011111111111110000000
0000000011111111111110000000
0000000111111111111110000000
0000000111111111111110000000
0000000111111111111110000000
0000000111111111111110000000
0000000111111111111110000000
0000000111111111111110000000
0000000001111111111000000000
