0000000000000000000000000000
0000000000000000000000000000
0000000000000000000000000000
0000000000000000000000000000
0000000000000000000000000000
0000000000000000000000000000
0000000000000110000000000000
0000000000000111110000010100
0000000000000111111111101100
0000000000001111111111111100
0000000000001111110111110100
0000000001011001111111110110
0000000011110000111101110110
0000110111111001111111110110
0001111111111111111111111110
0111110111111111111111111110
1111110111111111111111111111
0111111111111111111111111111
0111111111111111111111111111
0011111111111111111111111110
0000111111111111111111111100
0000000001000000000000000000
0000000000000000000000000000
0000000000000000000000000000
0000000000000000000000000000
0000000000000000000000000000
0000000000000000000000000000
0000000000000000000000000000
