0000000000001111100000000000
0000000000011111100000000000
0000000011111001111100000000
0000001111111111111111000000
0000001111111111111111000000
0000001111111111111111000000
0000001111111111111111000000
0000001111111111111111100000
0000001011111111111111100000
0000001011111111111111100000
0000011011111111111111100000
0000011011111111111111100000
0000011011111111111111100000
0000011011111111111111100000
0000011011111111111111100000
0000011010111111111111100000
0000011111111111111111100000
0000011111111111111111100000
0000111101011111111111100000
0000111011011111111111110000
0000111011111111111111110000
0000111010111111111111110000
0000111011111111111111110000
0000111011111111111111110000
0000111011111111111111110000
0000111011111111111111110000
0000111011111111111110110000
0000001000011111000000100000
