0000000001111111111000000000
0000000001111111111000000000
0000000001111111111100000000
0000000011111111011100000000
0000000111111110111110000000
0000001111111111111111000000
0000011111111111111111100000
0000011111100100011111100000
0000011011111011111111100000
0000011010111111101111100000
0000111010111111111111100000
0000111011111111111111110000
0000111100111111110111110000
0000111100111111110111110000
0000101101100000011011110000
0000101101111111111111110000
0000101101111111111011110000
0000101101111111111111110000
0000101111111111111111110000
0000101111111111111111110000
0000101111111111111111110000
0001111111111111111111110000
0001111011111111111101110000
0001110011111111111101110000
0001110011111111111101110000
0001110011111111111101111000
0001110011111111111101110000
0001110011111111111100110000
