0000000000000000000000000000
0000000000000000000000000000
0000000000000000000000000000
0000000000000000000000000000
0000000000000000000000000000
0000000000000000000001110000
0000000000000000000111110000
0000000000000011111111111000
0000000000001111111110111000
0000000000000111100000111100
0000000000000000000000110110
0000000000000000000001110110
0000000000000000000001100111
0000000000000000000011100111
0000000000000000000011100110
0000000000000000000011011110
0000000000000000000111111110
0000000000000000001111111100
0000000000000000111100111000
0000011100000001110000011000
0000001110000011000000010000
1110001111001110000000010000
0111110111011100000000010000
0001111111111000000000010000
0000000000000000000000010000
0000000000000000000000000000
0000000000000000000000000000
0000000000000000000000000000
