0000000000000000000000000000
0000000000000000000000000000
0000000000000000000000000000
0000000000000000000000000000
0000000000000000000000000000
0000000000000000000000000000
0000000000000000000000000000
0000000000000011000000000000
0001111111111111111111111110
0001111111111111111111111110
0001111111111111111111111110
0001111111111111111111111110
0001111111111111111111111110
0001111111111111111111111110
0001111111111111111111111110
0001111111111111111111111110
0001111111111111111111111110
0001111111111111111111111111
0001111111111111111111111111
0001111111111111111111111111
0001111111111111111111111111
0011111111111111111111111110
0000000000000000000000000000
0000000000000000000000000000
0000000000000000000000000000
0000000000000000000000000000
0000000000000000000000000000
0000000000000000000000000000
