0000000000000000000000000000
0000000000000000000000000000
0000000000000000000000000000
0000000000000000000000000000
0000000000000000000000000000
0000000000000000000000000000
0000000000000000001000000010
0000000000000000001110000010
0000000000000000011111111110
0000000000000000111111111100
0000000000000000111111111100
0000000000000000111111111100
0000000000000001111111111100
0000000000000011111111111100
0000000000001101111111111110
0000000000111011111111111110
0000000011111111111111111110
0011111100011111111111111110
0111100011111111111111111110
1111111111111111111111111110
1111111111111111111111111110
0001111111111111111111111111
0000000011111110000111111110
0000000000000000000000000000
0000000000000000000000000000
0000000000000000000000000000
0000000000000000000000000000
0000000000000000000000000000
