0000000000000000000000000000
0000000000000000000000100000
0000000000000000000000000000
0000000000000000000000010000
0000000000000001110111110000
0000000000000001111111110000
0000000000000011111111111000
0000000000000011111111111000
0000000000000011111111111000
0000000000000111111111111100
0000000000000111111111111100
0000000000001111111111111110
0000000000001111111111111110
0000000000001111111111111110
0000000000011111111111111110
0000000000011111111111111110
0000000000111111111111111110
0000000001111111111111111110
0000000001111111111111111110
0000000011111111111111111110
0000001111111111111111111110
0001111111111111111111111110
0011111111111111110011111110
0111111111111111100111111110
0011111111111111100011111110
0000111111111111000011111110
0000000000111100000000000000
0000000000000000000000000000
