0000000000000000000000000000
0000000000000000000000000000
0000000000000000000000000000
0000000000000000000000000000
0000000000000000000000011000
0000000000000000000000111000
0000000000000000000001111000
0000000000000000000011110000
0000000000000011111111100000
0000000000001111111111000000
0000000000011111111111000000
0000000000010000001111000001
0000000000010000001111001111
0000000000111100001111111100
0000000000111100001111100111
0000000000011110001100111110
0000000011011111111011111110
0000011111111111100111111110
0000111111111111011111111110
0001111011111110111111111110
0111111101111101111111111110
0111111111111011111111111110
0000001111000101111111111100
0111110000001111111111111100
0011111111111111111111111100
0000000000000000000000000000
0000000000000000000000000000
0000000000000000000000000000
