0000000000000000000000000000
0000000000000000000000000000
0000000000000000000000000000
0000000000000000000000000000
0000000000000000000000000000
0000000000000000000000000000
0000000000000000000000000000
0000000000000000000000000000
0000000000000000000000000000
0000000000000001110000000100
0000000000000011111000111100
0000000000000111111100111100
0000000000111111111111111100
0000000111111111111111111100
0111111111111111111111111100
1111111111111111111111111110
0111111111111111111111111110
0011111111111111111111111110
0000111111111111111111100000
0000000000111000000000000110
0000000000000000000000000000
0000000000000000000000000000
0000000000000000000000000000
0000000000000000000000000000
0000000000000000000000000000
0000000000000000000000000000
0000000000000000000000000000
0000000000000000000000000000
