0000000000011111111000000000
0000000000011111111000000000
0000000000011111111000000000
0000000000111111111000000000
0000000000111111111100000000
0000000000111111111100000000
0000000000111111111100000000
0000000000111111111100000000
0000000000111111111100000000
0000000001111101111100000000
0000000001111101111100000000
0000000001111100111100000000
0000000001111100111100000000
0000000001111000111100000000
0000000001111000111100000000
0000000001111000111100000000
0000000001111000111100000000
0000000001111000111100000000
0000000001111000111100000000
0000000000111000111100000000
0000000000111100111100000000
0000000000111100111100000000
0000000000111100111100000000
0000000000011100111100000000
0000000000011100111100000000
0000000000011100111100000000
0000000000011110111100000000
0000000000001100111000000000
