0000000000010110100000000000
0000000001111111111000000000
0000001110100000001111000000
0000011111110101110011100000
0000011001101001111101100000
0000111010111011010101110000
0000111100101111111101110000
0000111111101111111111110000
0000111111010111111111110000
0000101111111111111111110000
0000111111111111111111110000
0000111111111111111111111000
0000111111111111111111111000
0000111111111111111111111000
0001111111111111111111111000
0001111111111111111111111000
0001111111111111111111111000
0001111111111111111111011000
0001111111111111111111111000
0001111111111111111111111000
0001111111111111111111011000
0001111111111111111111111000
0001101101111111111111111000
0001111111111111111111111000
0001111011111111111101111000
0000111011111111111101110000
0000111000000000000001110000
0000110000000000000000110000
