0000000000000000001000000000
0000000001100000011000000000
0000000000100000010000000000
0000000000110001110000000000
0000000000111111110000000000
0000000000101111110000000000
0000000001101111111000000000
0000000001110000101000000000
0000000001111111111000000000
0000000001111111111000000000
0000000001111111111000000000
0000000001111111111000000000
0000000001111010111000000000
0000000011111111111100000000
0000000001101111011000000000
0000000011111111111100000000
0000000011111111111100000000
0000000111001111111100000000
0000000111111111111100000000
0000000011111111111110000000
0000000111011111111110000000
0000000110111111111110000000
0000000110111111111110000000
0000000111111111111110000000
0000000111111111111110000000
0000001111111111111111000000
0000000111111111101111000000
0000000001101111110110000000
