0000000000000000000000000000
0000000000000000000000000000
0000000000000000000000000000
0000000000000000000000000000
0000000000000000000000000000
0000000000000000000000001000
0100111111111111111111111100
1111111111111111111111111100
0111111111111111111111111111
0100111111111111111111111101
0110111111111111111111111101
0110111111111111111111111110
0110111111111111111111111100
0111111111111111111111111100
0111111111111111111111111100
0111111111111111111111111100
0111111111111111111111111100
0110111111111111111111111100
0110111111111111111111111100
0110111111111111111111111100
0111111111111111111111111100
0111111111111111111111111000
0000001111111111111111110000
0000000000000000000000000000
0000000000000000000000000000
0000000000000000000000000000
0000000000000000000000000000
0000000000000000000000000000
