0000000000000000010000000000
0000000001111111111100000000
0000001111111111111111100000
0000011111111111111111110000
0000011111111111111111110000
0000111111111111111111111000
0000111111110101111111111000
0000111111101110101111111000
0000111111001101011111111000
0001111111111111011111111100
0000111011110001010010111000
0000000011010010111110000000
0000000011111111111110000000
0000000011111111111110000000
0000000011111111111110000000
0000000011111111111110000000
0000000011111111111110000000
0000000001111111111110000000
0000000001111111111110000000
0000000011111111111110000000
0000000011111111111110000000
0000000011111111111110000000
0000000011111111111110000000
0000000011111111111110000000
0000000011111111111110000000
0000000011111111111110000000
0000000011111111111110000000
0000000001111111111000000000
