0000000000011111100000000000
0000000001111111100000000000
0000001111100000000111000000
0000011111011000000001100000
0000011111111111011111100000
0000011111111111100111110000
0000111111111111111001110000
0000001111111111110011100000
0000111111111111111010111000
0000111111111111111011110000
0000110111111111111000000000
0001111101111111111001111000
0000111011111111111001111000
0000101011111111111101100000
0000111011111111111101110000
0000111011111111111100110000
0000111011111111111100111000
0000111011111111111100111000
0000111011111111111100111000
0000110011111111111100111000
0000110011111111111100111000
0000110011111111111100011000
0000110011111111111100011000
0000110011111111111100011000
0000110011111111111100011000
0000110000000000000000011000
0001110000000000000000011000
0000100000000000000000001000
