0000000000000000000000000000
0000000000000000000000000000
0000000000000000000000000000
0000000000000000000000000000
0000000000000000000000000000
0000000000000000000000000000
0000000000000000000000000000
0000000000000000000000000000
0000000000000000000000000000
0000000000000110000000000000
0000000000011111100000000110
0000000001111111111001111110
0000000011101111111111111111
0000111111111111111111111111
1111111111111111001111111111
0111111111111111111111111111
0000011111111111111111111111
1111100000000001000000000001
0001111111111111111111111111
0000000111111111111111111110
0000000000000000000000000000
0000000000000000000000000000
0000000000000000000000000000
0000000000000000000000000000
0000000000000000000000000000
0000000000000000000000000000
0000000000000000000000000000
0000000000000000000000000000
