0000000000111011111000000000
0000000000111111111000000000
0000000001111111111000000000
0000000000111110110000000000
0000000000001111100000100000
0000011000000000000000100000
0000011000000000000000100000
0000011000100000000000100000
0000011000100000001000100000
0000011100000000000000100000
0000001100000000000001100000
0000011100000000000001100000
0000011111111101111001100000
0000011111111111011011110000
0000011111111101011011110000
0000011111111101011011110000
0000011111111111101111110000
0000011111111111111111110000
0000011111111111011111110000
0000011111111111111111110000
0000011111111111111111110000
0000011111111111011111110000
0000011101111111111101110000
0000011101111111111111110000
0000011101111111111110110000
0000011001111111111110110000
0000000001111111111100000000
0000000000011101100000000000
