0000000000000000000000000000
0000000000000000000000000000
0000000000000000000000000000
0000000000000000000000000000
0000000000000000000000000000
0000000000000000000000000000
0000000000000001111000000000
0000000000000001111101111100
0000000000000001111111111100
0000000000000011111111111100
0000000000000011111111111100
0000000000000011111111111100
0000000000000011111111111110
0000000000000111111111111110
0000000000001111111111111110
0000000000001111111111111110
0000000000110111111111111110
0000000001101111111111111110
0011111111111111111111111110
0111011111111111111111111110
1111111111111111111111111110
0011111111111111111111111110
0000011111111111100011111111
0000000000000000000011110000
0000000000000000000000000000
0000000000000000000000000000
0000000000000000000000000000
0000000000000000000000000000
