0000000000000000000000000000
0000000000000000000000000000
0000000000000000000000000000
0000000000000000000000000000
0000000000000000000000000000
0000000000000000000000000000
0000000000000000000000000000
0000000000000000000000000000
0000000000000011000000000000
0000000000000111000000001100
0000000000001111100000111110
0000000000000111110011111110
0000000000000111111111111110
0000000000001111111111111110
0000011111111111111111110000
0000111111111111111111100000
1110111111111000111111111110
1111111111111111111111111110
0111111111111111111111111111
0001111111111111111111111110
0000000010101000001111111000
0000000000000000000000000000
0000000000000000000000000000
0000000000000000000000000000
0000000000000000000000000000
0000000000000000000000000000
0000000000000000000000000000
0000000000000000000000000000
