0000000001111111111000000000
0000000001111111111000000000
0000000001111111111000000000
0000000011111111111000000000
0000000011111111111100000000
0000000011111111111100000000
0000000011111111111100000000
0000000011111111111100000000
0000000011111111111100000000
0000000011111111111100000000
0000000011111111111100000000
0000000011111111111100000000
0000000011111111111100000000
0000000011111111111100000000
0000000011111111111100000000
0000000011111111111100000000
0000000011111111111100000000
0000000011111111111100000000
0000000011111001111100000000
0000000011111001111100000000
0000000111111001111100000000
0000000111111001111100000000
0000000111111001111110000000
0000000111111001111110000000
0000000111110001111110000000
0000000111110000111110000000
0000000111110000111110000000
0000000011110000111110000000
