0000000000000000000010110000
0000000000011111111111110000
0000000000011111111111110000
0000000000011111111111110000
0000000000011111111111110000
0000000000011111111111110000
0000000000011111111111110000
0000000000011111111111110000
0000000000011011111111110000
0000000000011011111111111000
0000000000011111111111111000
0000000000011111111111111100
0000000000011111111111111100
0000000000011111111111111110
0000000000011111111111111110
0000000000011111111111111100
0000000000111111111111111100
0000000000111111111111111100
0000000000111111111111111100
0000000000101111111100111100
0000000001101111111000111100
0000000111111111110000111100
0000111111111111110000111100
0011111111111111100000111100
0011111111111111000000111100
0011111111111111000000111100
0000011111111110000000111100
0000000001111100000000111100
