0000000000000000000000000000
0000000000000000000000000000
0000000000000000000000000000
0000000000000000000000000000
0000000000000000000000000000
0000000000000000000000000000
0001111111111111111111111111
0001111111111111111111111111
0001110111110111110111110111
0111111111111111111111111111
0101111111111100011111111111
1001111111111010101111111111
1001111111111000111111111111
1101111111111011001111111111
1101111110111100011110111111
0101111111111111111111111111
0111111111111111111111111111
0111111111111111111111111111
0111111111111111111111111111
0111111111111111110111110011
0111111111111111111111111111
0111111111111111111111111111
0111111111111111111111111110
0000000000000000000000000000
0000000000000000000000000000
0000000000000000000000000000
0000000000000000000000000000
0000000000000000000000000000
