0000000000000000000000000000
0000000000000000000000000000
0000000000000000000000000000
0000000000000000000000000000
0000000000000000000000000000
0000000000000000000000000000
0000000000000000000000000000
0000000000000000000000000000
0000000000000000110000000000
0000000000000001111000000000
0000000000000001111100011000
0000000000000000111111111100
0000000001011111111111111100
0000000111111111100110111000
0000000111111100000111100000
0000000111100001111111100000
1111111111111111111111111111
1111111111111111111111111111
0001111111111111111111111111
0000000000000000000011100000
0000000000000000000000000000
0000000000000000000000000000
0000000000000000000000000000
0000000000000000000000000000
0000000000000000000000000000
0000000000000000000000000000
0000000000000000000000000000
0000000000000000000000000000
