0000000000000000000000000000
0000000000000000000000000000
0000000000000000000000000000
0000000000000000000000000000
0000000000000000000000000000
0000000000000000000000000000
0000000000000111111111110000
0000000000000111111111110000
0000000000000111111111111000
0000000000001111111111111100
0000000000001111111111111100
0000000000011111111111111110
0000000000011111111111111110
0000000000111111111111111111
0000000000111111111111111110
0000000001111111111111111100
0000000111111111111111111100
0000011111111111111111111100
0011111111111111111111111100
0111111111111111110111111100
0111111111111111000111111100
0111111111111110000111111100
0000011111111000000010000000
0000000000000000000000000000
0000000000000000000000000000
0000000000000000000000000000
0000000000000000000000000000
0000000000000000000000000000
