0000000000111111110000000000
0000000011111111111000000000
0000000111000001111100000000
0000000111111110111100000000
0000001111100010110010000000
0000001111111110001110000000
0000001111111111101110000000
0000001011111100111110000000
0000001011111111101110000000
0000001011110000011111000000
0000001011111111101111000000
0000001011110010010111000000
0000001111111111110111000000
0000001001011111010011000000
0000001011111111110011000000
0000001100000000000011000000
0000000111111111111111000000
0000000111111111111111000000
0000010111111111111110000000
0000000111111111111110000000
0000011111111111111111000000
0000000111111111111111000000
0000000111111111111110000000
0000000111111111111111000000
0000001111111111111111000000
0000001111111111111111000000
0000001111111111111111000000
0000000111100001101110000000
