0000000000000000000000000000
0000000000000000000000000000
0000000000000000000000000000
0001111111111111111111101000
0011111001111111110111111100
0100111111110111110111001110
1000111011111111111011111111
1111111011111011100111111100
0111111111111111111101111100
0111111001101111110111111100
0111110011111111111111111110
0111110111101111110111111110
0111101111111111111110111100
0000001011101111111110000000
0000001001101111111010000000
0000001111111111111111000000
0000001111111111111111000000
0000011011101011110011000000
0000011011101111111111100000
0000011111111111111011100000
0000111111111111111111110000
0000111011101111101011110000
0000100011101111111111110000
0000111111111111111111110000
0000111111111111111111110000
0000000000000110000000010000
0000000000000000000000000000
0000000000000000000000000000
