0000000000000000000000000000
0000000000011111100000000000
0000000001111111111000000000
0000000111111010011111000000
0000001011111111111111000000
0000000011111111111110000000
0000000111100110001110000000
0000001111101111101110100000
0000001111100111101110000000
0000011011111110111110000000
0000000111111111111110010000
0000010110111111111011010000
0000010101111111111001010000
0000001101111111111001100000
0000001101111111001101100000
0000011101111111001101100000
0000011101110111101101100000
0000011101000111100101100000
0000001101011111101100111000
0000001101011111111110111000
0000011111111111111110110000
0000011011111111111110110000
0000011011111111111110101000
0000111011111111111110101000
0000111010000010001010111000
0000111000000000000000111000
0000111000000000000000111000
0000000000000000000000110000
