0000000011000000001100000000
0000001111100000011111000000
0000011111111101111111100000
0000011111111101111111100000
0000111111111111101111110000
0000111111111111111111110000
0000111111110111111111111000
0001111111111111111111111000
0001111111111111111111111000
0001111111111111111111111000
0001111111111111111111111000
0011111111111111111111111100
0001111111111111111111111100
0000111111111111111111111000
0000011111111111111111110000
0000011111111111111111110000
0000011111111111111111110000
0000011111111111111111110000
0000011111111111111111110000
0000011111111111111111110000
0000011111111111111111110000
0000011111111111111111110000
0000011111111111111111110000
0000011111111111111111110000
0000011111111111111111100000
0000011111111111111110100000
0000011111111111111111110000
0000001000000010111101100000
