0000000000000000000000000000
0000000000000000000000000000
0000000000000000000000000000
0000000000000000000000000000
0000000000000000111110000000
0000000000011111111111111110
0000000000111111111111111110
0000000000111111111111111110
0000000000111111111111111110
0000000000111111111111111110
0000000000111111111111111110
0000000000111111111111111110
0000000000111111111111111110
0000000011111111111111111110
0000001111111111111111111111
0000001111111111111111111111
0000000111111111111111111111
0000000111100111111111111111
0000000111100111111111111111
0000000111111111111111111111
1000000111111111111111111111
1111000011111111111111111111
0111111111111111111111111110
0001111111111111111111111110
0000000000001111011000000000
0000000000000000000000000000
0000000000000000000000000000
0000000000000000000000000000
