0000000000011111100000000000
0000000001111111111100000000
0000000011111111111100000000
0000000011111111111100000000
0000000011111111111100000000
0000000011111100111100000000
0000000001111011111100000000
0000000001011111100000000000
0000000011111000111000000000
0000000001100111111000000000
0000000001111111111000000000
0000000001111111111000000000
0000000011111111101000000000
0000000011111111101000000000
0000000011111111101000000000
0000000011111111101000000000
0000000011110111101100000000
0000000011110111111100000000
0000000011111111101100000000
0000000011110111110100000000
0000000011111111110100000000
0000000111111111110100000000
0000000111111111110100000000
0000000111111111110100000000
0000000111111111110000000000
0000000111111011110110000000
0000000011111111111100000000
0000000000011111110000000000
