0000000000000000000000000000
0000000000000000000000000000
0000000000000000000000000000
0000000000000000000000000000
0000000000000000000000000000
0000000000000000000000000000
0000000000000000000000000000
0000000000000000000000000000
0000000000000011000000000100
0000000000000111100000000100
0000000000111111110000001100
0000000011111111111100011100
0000001111111111111111111010
0000101111111111111111111111
0110001111111111111111111111
0111000111111111111111111111
0000000111111111111111111110
0110000000000000000000000000
0000111000000001111111111110
0000000000000000000000000000
0000000000000000000000000000
0000000000000000000000000000
0000000000000000000000000000
0000000000000000000000000000
0000000000000000000000000000
0000000000000000000000000000
0000000000000000000000000000
0000000000000000000000000000
