0000000000000000001000000000
0000000111111111111111100000
0000111111111010111111110000
0000111111111111111111110000
0001111111111111111111111000
0001111011111111111111111000
0011111011111111111111111100
0001111011111111111011111000
0000011011111111111011110000
0000001111111111111011000000
0000001111111111111110000000
0000000111111111111010000000
0000000111111111111110000000
0000000111111111111110000000
0000000111111111111110000000
0000000111111111111110000000
0000000111111111111110000000
0000000111111111111110000000
0000001111111111111111000000
0000001111111111111111000000
0000001111111111111111000000
0000001111111111111111000000
0000001111111111111111000000
0000011111111111111111100000
0000011111111111111111100000
0000011111111111111111100000
0000011111111111111111100000
0000000000111111111000100000
