0000000000000000000000000000
0000000000011111100000000000
0000000001111111111000000000
0000000111101111011110000000
0000011111110111011111100000
0000111111111111111111110000
0000111110110110010011110000
0000111110110111111111111000
0001111111111111111111111000
0001111111111111111111111000
0011111111110111111111111100
0011111111111111111111111100
0111111111111111111111111100
0000111111111111111111111000
0000001111111111111110000000
0000000111111111111110000000
0000000111111111111110000000
0000000111111111111110000000
0000000111111111111110000000
0000000111111111111110000000
0000000111111111111110000000
0000000111111111111111000000
0000000111111111111110000000
0000000011111111111110000000
0000000011111111111110000000
0000000011111111111110000000
0000000011111111111110000000
0000000001111110000000000000
