0000000000000000000000010000
0000000000000000000000011000
0000000000000000001111111000
0000000000000011111111111000
0000000000001111111111111000
0000000000001111111100011100
0000000000001100000000011100
0000000000000000000000011110
0000000000000000000000011110
0000000000000000000000011111
0000000000000000000000011111
0000000000000000000000011111
0000000000000000000000011111
0000000000000000000000011110
0000000000000000000001111110
0000000000000000000111111110
0000000000000000001111001110
0000000000000000011110001110
0000000000000000111000000110
0000000000000000111000000110
0000001100000001110000001100
0000111100000011100000001100
0000111110000011100000001100
0000011110000111000000001100
0111111111001111000000001100
1111111111111110000000001100
0011111111111100000000001100
0000000011110000000000000100
