0000000000000000000000000000
0000000000000000000000000000
0000000000000000000000000000
0000000000000000000000000000
0000000000000000000000000000
0000000000000000000000000100
0000000000000000000000000100
0000000000000000000000000010
0000000000000000000000000110
0000000000001111000000000100
0000000000011111100000001100
0000000000110111111000111110
0000000001111111111111111110
0000000011101111111111111100
0001111110000111111111110000
0011111111000111111110000000
0111111111000011111111111110
0111111111101011111111011110
0111111111101011111111111110
1111111111111101111100111111
0001111100101100000111111111
0000000000001111000010111111
0000001111111111111111111110
0000000000000000000000000000
0000000000000000000000000000
0000000000000000000000000000
0000000000000000000000000000
0000000000000000000000000000
