0000000001101111101000000000
0000000001000111000100000000
0000000001100000000110000000
0000000001110000000100000000
0000000001110000001100000000
0000000001101011101100000000
0000000011110111111110000000
0000000011110111111110000000
0000000011111111111110000000
0000000011111111111110000000
0000000011111110101110000000
0000000011101111101110000000
0000000011111011111111000000
0000000011111011111111000000
0000000011111011111110000000
0000000011111011010110000000
0000000011111011110110000000
0000000011111111111111000000
0000000001110111111101000000
0000000101110111111100000000
0000000000110111111100000000
0000000000111111111000000000
0000000000111111111000000000
0000000000111111111000000000
0000000000111111111000000000
0000000000111111111000000000
0000000000111111111000000000
0000000000111111111000000000
