0000000000001110110000000000
0000000011111111111100000000
0000000111111111111111000000
0000001111111111111111100000
0000001111111111111111100000
0000000111111111111111100000
0000010111111111111111100000
0000010110000000001000110000
0000010110111111111101110000
0000010110111000000001110000
0000010110111111000111110000
0000010110111111000001110000
0000010110111111000001110000
0000110110111111100001110000
0000110110111111100101110000
0000100110111111101101110000
0000110111111111111101110000
0000110111111111111101110000
0000110111111111111101111000
0000110111111111111111110000
0000110111111111111110110000
0000111011111111111110110000
0000110011111111111110110000
0000000011111111111100110000
0000111111111111111101111000
0000111011111111111101111000
0000111000000000000001111000
0000000000000000000000000000
