0000000000000000000000000000
0000000000000000000000000000
0000000000000000000000000000
0000000000000000000000000000
0000000000000000000000000000
0000000000000000000000010000
0000000000000000000000010000
0000000000000000000000001100
0000000000000000110000011100
0000000000000000111111111100
0000000000000000111111111100
0000000000000001111111111100
0000000000000011111111111100
0000000000000111111111111110
0000000000001111111111111110
0000000000011111111111111110
0000000001111111111111111111
0000000111111111111111111111
0111111111111111111111111111
1111111111111111111111111111
1111111111111111111111111111
0111111111111111111111111111
0001111111111111100011111111
0000000011110000000011111000
0000000000000000000000000000
0000000000000000000000000000
0000000000000000000000000000
0000000000000000000000000000
