0000000000000000000000000000
0000000000000111100000000000
0000000000001000110000000000
0000000000010000001000000000
0000000000100000001000000000
0000000001000000000100000000
0000000010000000000010000000
0000000110000000000001000000
0000001100000000000001100000
0000001000000000000000100000
0000001110000000000001110000
0000001111111111111111110000
0000001111111111111111111000
0000011111111111111111111000
0000011111111111111111111000
0000111111111111111111111100
0000111111111111111111111100
0001111111111111111111111110
0001111111111111111111111110
0001111111111111111111111110
0001111111111111111111111110
0001111111111111111111111110
0001111111111111111111111110
0001111111111111111111111100
0001111111111111111111111110
0001111111111111111111111110
0001111111111111111111111110
0000000000000000000000000000
