0000000000000000000000000000
0000000000000000000000000000
0000000000000000000000000000
0000000000000000000000000000
0000000000000000000000000000
0000000000000001100000000000
0000000000000011111111111100
0000000000000011111111111100
0000000000000011111111111100
0000000000000011111111111100
0000000000000111111111111000
0000000000001111111111111100
0000000000001111111111111110
0000000000011111111111111111
0000000000111111111111111110
0000000001111111111111111110
0000000011111111111111111110
0000001111111111111111111110
0011111111111111111111111100
0111111111111111111111111100
0111111111111111111111111100
0111111111111111111111111100
0001111111111111111111111000
0000000000000000000011111000
0000000000000000000000000000
0000000000000000000000000000
0000000000000000000000000000
0000000000000000000000000000
