0000000000000000000000000000
0000000000000000000000000000
0000000000000000000000000000
0000000000000000000000000000
0000000001110000000000000000
0110100000000000000000000000
0000001111110111111111111110
0000001111111101111111111100
0000110111001100111100001111
0000101111111111111101001111
0011101111111111111011000000
0111111111111111111111111110
0111111111111001110011111110
0111111111110011110011111111
0111111111100110101111110011
0111111110000001101111110000
0111111111001111101110110000
0000011111001011110001110000
0000011111000011011011110000
0000011011011111011011110000
1110011111011111110011110000
0000011111010111011101110000
1111111111111111111000000000
0000000000000000000000000000
0000000000000000000000000000
0000000000000000000000000000
0000000000000000000000000000
0000000000000000000000000000
