0000000000000000000000000000
0000000000000000000000000000
0000000000000000000000000000
0000000000000000000000000000
0000000000000000000000000000
0000000000000000000000000000
0000000000000000000000000000
0000000000000000000000000000
0000000000000000000000000000
0000000000000001000000001000
0000000000000011100000011100
0000000000000001110000111100
0000000000110001111011110000
0000000000111000111111000000
0000011100111100011110000000
0000011100111110011011000000
1000001110011111101101100000
1111111111111111111111111111
0111111111111111111111111111
0000111110011110011111111110
0000000000000000000000000000
0000000000000000000000000000
0000000000000000000000000000
0000000000000000000000000000
0000000000000000000000000000
0000000000000000000000000000
0000000000000000000000000000
0000000000000000000000000000
