0000000000011111000000000000
0000000001100000110000000000
0000000010000000001100000000
0000000000000000000110000000
0000000100000000000010000000
0000000000000000000010000000
0000001000000000000011000000
0000001000000000000011000000
0000001000000000000011000000
0000011000000000000001000000
0000111111111111111111111000
0001111111111111111111111000
0001111111111111111111111000
0001011111111111111111111000
0001011111111111111111111100
0001011111111111111111111100
0001011111111111111111111100
0001111111111111111111111000
0001111111111111111111111000
0001111111111111111111111000
0001111111111111111111111000
0001111111111111111111111000
0001111111111111111111111000
0001111111111111111111111000
0011111111111111111111111000
0001111111111111111111110000
0000111111111111111111100000
0000000000000000011111000000
