0000000000000000000000000000
0000000000000000000000000000
0000000000000000000000000000
0000000000000000000000000000
0000000000000000000000000000
0000000000000000000000000000
0000000000000000000000000000
0000000000000000000000000000
0000000000000000001000010000
0000000000000000111000011000
0000000000000011111000111100
0000000000001111111101111100
0000000000111111111111111110
0000000011111111111111111110
0000111111111111111111111110
1111111111111111111111111110
1111111111111111111111111110
0011111111111111111111000000
0000001111100000000011111110
0000000011111111111111111110
0000000000000011011000000000
0000000000000000000000000000
0000000000000000000000000000
0000000000000000000000000000
0000000000000000000000000000
0000000000000000000000000000
0000000000000000000000000000
0000000000000000000000000000
