0000000000110000110000000000
0000000011111111111100000000
0000000111111111111110000000
0000001111110000111111000000
0000001111111000111111000000
0000001111110000011111000000
0000011111110111111111000000
0000011111101111111111100000
0000011111001111111111100000
0000011111111101111111100000
0000011111011101101111100000
0000011111111001011111100000
0000111111011001100111110000
0000111111111101100111110000
0000111111111101110111110000
0000111111111111111111110000
0000111111111011111111110000
0000111111111111111111110000
0000111111111111111111110000
0000111111111111111111110000
0000111111111111111111110000
0000111111111111111111110000
0000111101111111111111110000
0000111111111111111111111000
0000111011111111111111110000
0000111011111111111101110000
0000111001111111111001110000
0000111000000000000001100000
