0000000000000000000000000000
0000000000000000000000000000
0000000000000000000000000000
0000000000000000000000000000
0000000000000000000000000000
0000000000000000001000000000
0000000000000000011100000000
0000000000000000111111000000
0000000000000001111111110000
0000000000000001111111111100
0000000000000011111111111100
0000000000000111111111111111
0000000000001111111111111110
0000000000011111111111111110
0000000000111111111111111110
0000000001111111111111111110
0000000111111111111111111110
0001111111111111111111111110
0111111111111111111111111110
0111111111111111111111111110
0000000111100000000000000000
0000000000000000000000000010
0000000000000000000000000000
0000000000000000000000000000
0000000000000000000000000000
0000000000000000000000000000
0000000000000000000000000000
0000000000000000000000000000
