0000000000000000000000000000
0000000011111111111100000000
0000001111111111111111000000
0000001111111111101111100000
0000001111111001111111100000
0000011111111111111111100000
0000011111111111111111110000
0000011111111111111111110000
0000011111111111111111110000
0000011111111111111111110000
0000011111111111111111110000
0000011111111111111111110000
0000111101111111111111110000
0000111101111111111011111000
0000111101111111111111111000
0000111101111111111111111000
0000111101111111111101111000
0001111101111111111101111100
0001111101111111111111111100
0011111111111111111111111100
0011111111111111111111111110
0000000111111111111111111100
0000000011111111111111000000
0000000111111111111111000000
0000000111111111111111100000
0000000111111111110111100000
0000000111111111111111000000
0000000000011010000000000000
