0000000000000000000000000000
0000000000011000010000000000
0000000011111111111110000000
0000000111111111111111000000
0000001111111111111111100000
0000001111111111111111100000
0000001111111111111111100000
0000001111110100011111100000
0000001111111110111111100000
0000011111111111111111110000
0000011111110111111111110000
0000011111110111111111110000
0000011111111111111111110000
0000011101111111111101110000
0000011101111111111101110000
0000011101111111111101110000
0000011101111111111101110000
0000011111111111111101110000
0000011111111111111111110000
0000111111111111111111111000
0000111111111111111111111000
0000111111111111111111111000
0000111011111111111111111000
0000111000000011111100111000
0000111000000000000000111000
0000111000000000000000111000
0000011000000000000000111000
0000000000000000000000110000
