0000000000001011000000000000
0000000000010000100000000000
0000000000100000110000000000
0000000000100000011000000000
0000000001000000001100000000
0000000001000000000110000000
0000000001000000000010000000
0000000010000000000010000000
0000000010000000000011000000
0000000100000000000011000000
0000000000000000000001000000
0000000000000000000001000000
0000000100000000000001000000
0000000111111111111111000000
0000000111111111111111000000
0000000111111111111111000000
0000001111111111111111000000
0000001111111111111111000000
0000001111111111111111100000
0000001111111111111111100000
0000001111111111111111100000
0000001111111111111111100000
0000001111111111111111100000
0000001111111111111111100000
0000001111111111111111100000
0000001111111111111111100000
0000001111111111111111100000
0000000111111111111111100000
