0000000000000000000000000000
0000000000000000000000000000
0000000000000000000000000000
0000000000000000000000000000
0000000000000000000000000000
0000000000000000000000000000
0000000000000110000000000000
0000011111111111111111100000
0000011111111111111111100000
0011111111111111111111111110
0110111111111111111111110011
0110111111110000011111110001
0110111111111111111111110001
0111111111111111111111110001
0111111111111111111111110001
0111111111111111111111111001
0111111111111111111111111000
0111111111111111111111110010
0010111111111111111111110000
0011011111111111111111111000
0000111111111111111111110000
0000111111111111111111110000
0000011111111111111111100000
0000000000000000000000000000
0000000000000000000000000000
0000000000000000000000000000
0000000000000000000000000000
0000000000000000000000000000
