0000000000000000000000000000
0000000000000000000000000000
0000000000000000010000000000
0000000000000000111111111110
0000000000000000111111111110
0000000000000000111111111100
0000000000000000111111111100
0000000000000000111111111100
0000000000000001111111111100
0000000000000001111111111000
0000000000000000111111111000
0000000000000001111111111000
0000000000000001111111111000
0000000000000011111111111000
0000000000000011111111111100
0000000000000111111111111100
0000000000000111111111111100
0000000000001111111111111100
0000000000111111111111111100
0000000000110111111111111110
0000000001011111111111111110
0011111111111111111111111110
0111111111111111111111111110
0111111111111111111111111110
1111111111111111111111111110
0011111111111111100111111111
0000000111111000000111111110
0000000000000000000000000000
