0000000000000000000000000000
0000000000000000000000000000
0000000000000000000000010000
0000000000000011111111111000
0000000000000011111111111000
0000000000000000001000011000
0000000000000000000000001000
0000000000000000000000001100
0000000000000000000000001100
0000000000000000000000000110
0000000000000000000000001110
0000000000000000000000011110
0000000000000000000001111111
0000000000000000000011111111
0000000000110000001111111110
0000000000111111111111111110
0000000000000111111111111110
0000000000000000111111111110
0000000000000000011100001110
0000000000000000111000001100
0000001111000000110000001100
0000011111110001110000001100
0000111111111011100000001100
0000111111110111000000001100
1111111111111111000000001100
1111111111111110000000001100
0000011111111100000000000100
0000000000000000000000000000
