0000000000000000000000000000
0000000000000111110000000000
0000000000001000011000000000
0000000000010000001000000000
0000000000010000000100000000
0000000000010000000100000000
0000000000100000000100000000
0000011000100000000110001000
0000101111111000011111111100
0000001111111111111111111000
0000101111111111111111110000
0001101111111111111111110000
0000101111111111111111110000
0000101111111111111111110000
0000101111111111111111110000
0000101111111111111111110000
0000101111111111111111110000
0000101111111111111111110000
0000101111111111111111110000
0000101111111111111111110000
0000101111111111111111110000
0000111111111111111111110000
0000011111111111111111111000
0000001111111111111111111000
0000001111111111111111111000
0000001111111111111111111000
0000001111111111111111111000
0000000111100000000000000000
