0000000111110000011110000000
0000001111111111111111000000
0000011111011111100111100000
0000011111110111011111100000
0000011111111001111111100000
0000011111111011111011100000
0000111110100010000111110000
0000011111101000111111110000
0000000011111011011111000000
0000000011011111111100000000
0000000001111111101100000000
0000000001110110011100000000
0000000001111101111100000000
0000000001101111111100000000
0000000001111101111100000000
0000000001111111111100000000
0000000011111111111100000000
0000000011111111111100000000
0000000011111111111110000000
0000000111111111111110000000
0000000111111111111110000000
0000000111111111111110000000
0000000111111111111110000000
0000000111111111111110000000
0000000111111111111110000000
0000000111111111111110000000
0000000111111111111110000000
0000000111111111111110000000
