0000000000011111100000000000
0000000011111111111000000000
0000000111111111111110000000
0000001111111111111111000000
0000001111000100011111000000
0000011111111101110111100000
0000011110111111111111100000
0000011111111111111111100000
0000011111111011001001100000
0000011111110111111111100000
0000110111011110010111100000
0000110111011111110111100000
0000111111011111111111110000
0000111111111111111111110000
0000111111111111111111110000
0000111111111111101101110000
0000111111010110010101110000
0000111111111110111111111000
0000111101111111111111111000
0000111110111111111111111000
0000111110111111111111110000
0001111111111111111111111000
0001111001111111111111111000
0001111111111111111111111000
0001111000011111000000111000
0001110000001110100100111000
0000110000000000000000100000
0000010000000000000000000000
