0000000000000000000000000000
0000000000000000000000000000
0000000000000000000000000000
0000000000000000000000000000
0000000000000000000000000000
0000000000000000000000000000
0000000000000000000000000000
0000000000000000000000000000
0000000000000000110000011100
0000000000000011111100011100
0000000000011111111111111110
0000000001111111111111111110
0000000111111111111111111110
0000011111111111111111111110
0111111111111111111111111111
0111111111111111111111111110
1111111111111111111000000011
0111111111111111000111111111
0010011111100000011111111111
0001100000000000011111111111
0000001101111111110110111000
0000000000000000000000000000
0000000000000000000000000000
0000000000000000000000000000
0000000000000000000000000000
0000000000000000000000000000
0000000000000000000000000000
0000000000000000000000000000
