0000000000000000000000000000
0000000000000000000000000000
0000000000000000000000000000
0000000000000000000000000000
0000000000000000000000000000
0000000000000000000000000000
0000000000000000000000000000
0000000000000000000000000000
0000000000000001110000000000
0000000000000101110000000000
0000000000001111110000000000
0000000000111111111000000110
0000000011111111111111111110
0000011111111111111111111110
0000111111111111111111111111
0000111111111111111111111111
0100001111111111111111111110
0111111000000000000000000010
0111111111111111111111111110
0000000111111111111111100000
0000000000000000000000000000
0000000000000000000000000000
0000000000000000000000000000
0000000000000000000000000000
0000000000000000000000000000
0000000000000000000000000000
0000000000000000000000000000
0000000000000000000000000000
