0000000000000110000000000000
0000000000011111000000000000
0000000001111001010000000000
0000000011011111111100000000
0000000111111101111100000000
0000000111111111111110000000
0000001111101111111110000000
0000001011111110111110000000
0000001111101111111110000000
0000001111011111111110000000
0000001111111111111100000000
0000000001101111110000000000
0000000000111111010000000000
0000000000111101111000000000
0000000001111111110000000000
0000000001110001111000000000
0000000001111111110000000000
0000000011110111111000000000
0000000011101111111000000000
0000000010111111111000000000
0000000011101111111000000000
0000000011111111111000000000
0000000010110101111000000000
0000000001111111111000000000
0000000011110111111000000000
0000000011101111111000000000
0000000011111111111100000000
0000000000101000010000000000
