0000000001111000111000000000
0000001111111111111111000000
0000011111111111111111100000
0000111111111111111111110000
0000111111111111111111110000
0001111111110000111111111000
0001111111101110011111111000
0001111111011111101111111000
0001111110011111101111111000
0001111110010000101111111000
0001111110011111101111111100
0000000111011111011110000000
0000000111100110011110000000
0000000111111111111110000000
0000000111111111111110000000
0000000011111111111110000000
0000000011111111111110000000
0000000011111111111110000000
0000000111111111111110000000
0000000111111111111110000000
0000000111111111111110000000
0000000111111111111110000000
0000000111111111111110000000
0000000111111111111110000000
0000000111111111111110000000
0000000111111111111110000000
0000000111111111111110000000
0000000011111111111110000000
