0000000000000000000000000000
0000000000000000000000000000
0000000000000000000000000000
0000000000000000000000000000
0000100000000000000000000000
0001111111111110111111111110
0001101111111111111110111111
0001111110111110111110011111
0101100111111101111111111110
1001101110111101111110001110
1001101110110111011010000101
1001111111010111111110001011
1001111111011111011111101010
1001111111011111101101101111
0101111011011101111110101111
0101111011111111011100111111
0011011011111111111100011111
0011111110111111111111010011
0001100111111110010111011111
0001111111111100110111011111
0001101111111001101111111111
0011101111110011101111110111
0011111111111001101111111111
0000001111110000000000000000
0000000000000000000000000000
0000000000000000000000000000
0000000000000000000000000000
0000000000000000000000000000
