0000000000000000000000000000
0000000000000000000000000000
0000000000000000000000000000
0000000000000000000000000000
0000000000000000000000000000
0000000000000000000000000000
0000000000000000000000000000
0000000000000000000000000000
0000000000000000000000000000
0000000000000011100000001100
0000000000000011110001111100
0000000000000111111111111100
0000000000111111111111100000
0000010111110000111111000000
0000111111110000011110000000
0000111010010000011111000000
1101111011111011011111000010
1111111111111111111111111111
0111111111111111111111111110
0000011111111111111111111100
0000000000000000000000000000
0000000000000000000000000000
0000000000000000000000000000
0000000000000000000000000000
0000000000000000000000000000
0000000000000000000000000000
0000000000000000000000000000
0000000000000000000000000000
