0000000000000000000000000000
0000000000000000000000000000
0000000000000000000010000000
0000000000000000000110000000
0000000000000000001100000000
0000000000000001011000000000
0000000000111111111000000000
0000000000111111111100000000
0000000000111111111100000000
0000000000111111111100000010
0000000000011111011000001111
0000000000000000011000111110
0000000000000000011001110000
0000000000000000011011111010
0000000000000000001011101100
0000000000000000011110001100
0000000000000000011100001100
0000000000000000111000000100
0000000000000001111000000100
0000001100000001110000000100
0000011000000011100000000100
0000000001100111100000000100
0100000111110111000000000100
1101111111111011000000000100
1111100011000110000000000100
0001111100011100000000000100
0000001111111000000000000100
0000000000000000000000000000
