0000000000000000111000000000
0000000000111111111100000000
0000000001111111111100000000
0000000001111111111110000000
0000000001111111111000000000
0000000011111111111110000000
0000000001111111111110000000
0000000001111111111111000000
0000000001111111100100000000
0000000001111111100111000000
0000000011111111100111000000
0000000011111111100111000000
0000000011111111110110000000
0000000011111111110110000000
0000000011111111110111000000
0000000011111111110110000000
0000000011111111110110000000
0000000011111111110110000000
0000000011011110010110000000
0000000011111111111110000000
0000000011111111110110000000
0000000011111111111000000000
0000000111011111110000000000
0000000111111111110000000000
0000000011111111110000000000
0000000011111111111000000000
0000000111011111111000000000
0000000111011110110000000000
