0000000001110001111000000000
0000001111111111111111000000
0000011111111111111111100000
0000111111111111111111110000
0000111111111111111111110000
0000111111111111111111110000
0000111111111101111111110000
0001111111110011111111111000
0001111111111100111111110000
0001111111010111111111111000
0001111111011110111111111000
0000000111110111111100110000
0000000011111101111100000000
0000000011111111111100000000
0000000111111011111100000000
0000000111111111111100000000
0000000111111111111100000000
0000000111111111111100000000
0000000111111111111100000000
0000000111111111111100000000
0000000111111111111110000000
0000000111111111111110000000
0000000111111111111110000000
0000000111111111111110000000
0000000111111111111110000000
0000000111111111111110000000
0000000111111111111110000000
0000000011111111111100000000
