0000000000001111000000000000
0000000001111111110000000000
0000000011111111110100000000
0000000111100011101110000000
0000000111110011001100000000
0000000111111111111101000000
0000001111111111111111000000
0000001011111111111111000000
0000001111111111111111000000
0000001111001111111111000000
0000001111011111111111000000
0000001111111011111111100000
0000001111111111111111100000
0000001111111111111111100000
0000001101111111111011100000
0000011101111111011111100000
0000011111110111111111100000
0000011111100111111111100000
0000011111111111111111100000
0000011111111111111111100000
0000000011111111111100000000
0000000011111111111100000000
0000000001111111111100000000
0000000001111111110100000000
0000000001111011111000000000
0000000000110011111000000000
0000000000111111110000000000
0000000000000111100000000000
