0000000000000000000000000000
0000000001100000000100000000
0000000011111011011111000000
0000000110011111111101000000
0000000111111111110111000000
0000000111111111110001100000
0000011011101101111011100000
0000011000111011111111100000
0000011110111111011111110000
0000010111111111011011100000
0000010111111110111010010000
0000010011111100101011110000
0000011101111100011011110000
0000110101111111111101110000
0000010011011111111111110000
0000011111000111111111110000
0000110111010111101101110000
0000111110010011111101111000
0000111100000011111101111000
0001111101100011111111111000
0001011101101111111101111000
0000001101011111111100110000
0001110110011111111011111000
0001110110111111111100111100
0000000111111111110110000000
0000000111111111100111000000
0000000111101101110111000000
0000000000101000010000000000
