0000000000000000000000000000
0000000000010000100000000000
0000000000111111110000000000
0000000111111111111111000000
0000011111111111111111100000
0001111111111111111111111000
0011111111111111111111111100
0111111111111111111111111110
0111111111111111111111111110
0111111111111111111111111100
0011111111111111111111111100
0001001111111111111111001000
0000001111111111111111000000
0000001111111111111111000000
0000001111111111111111000000
0000001111111111111111000000
0000001111111111111111000000
0000001111111111111111000000
0000001111111111111111000000
0000001111111111111111000000
0000001111111111111111000000
0000001111111111111111000000
0000001111111111111111000000
0000001111111111111111000000
0000001111111111111111000000
0000001111111111111111000000
0000001000000000000001000000
0000000000000000000000000000
