0000000000000000000000000000
0000000000000000000000000000
0000000000000000000000000000
0000000000000000000000000000
0000000000000000000000000000
0000000000000000010000000000
0000000000000000011000000000
0000000000000000111110011100
0000000000000000111111111100
0000000000000000111111111100
0000000000000001111111111100
0000000000000001011111111100
0000000000000011111111111100
0000000000000111111111111100
0000000000000111111111111100
0000000000011111111111111110
0000000000111111111111111110
0000000011101111111111111110
0000001111111111111111111110
0001111011111111111111111110
0111111111111111111111111110
0111111111111111110110111100
0111101100000000111111111110
0000000111111111000000000000
0000000000000000000000000000
0000000000000000000000000000
0000000000000000000000000000
0000000000000000000000000000
