0000000000011111000000000000
0000000000011111100000000000
0000000001111111110000000000
0000000011111111011000000000
0000111111110100101111000000
0000111000110110110111110000
0001111011010110011011110000
0001111110000110001011110000
0001111110100110000111110000
0001111101001110010111111000
0001111101101111010011111000
0001111101110111111111111000
0001111101111110111111111000
0001111111111111111111111000
0001111111111111111111111000
0011111111111111111111111100
0011111111110111111111111100
0001111111111111111111110000
0000000111111111111110000000
0000000011111111111100000000
0000000011111111111100000000
0000000111111111111100000000
0000000110111111111110000000
0000001110111111111111000000
0000001111111111111111000000
0000001111111111111111000000
0000011111111111111111000000
0000000000010100000000000000
