0000000000000000000000000000
0000000000000000000000000000
0000000000000000000000000000
0000000000000000000000000000
0000000000000000000000000000
0000000000000000000000000000
0000100000000000000000111110
0001111111111111111111111110
0111111111111111111111111100
1100011111111111111111111100
1100111111111111111111111100
1100111111111111111111111100
1000111111111111111111111100
1100111111111111111111111110
1100111111111111111111111110
0100111111111111111111111110
0101111111111111111111111110
0101111111111111111111111110
0011111111111111111111111110
0001111111111111111111111110
0001111111111111111111111110
0001111111110000000000000000
0000111111110000000000000000
0000000000000000000000000000
0000000000000000000000000000
0000000000000000000000000000
0000000000000000000000000000
0000000000000000000000000000
