0000000000000000000000000000
0000000000000000011110000000
0000000000000000111110000000
0000000000000111111111110000
0000000000001111111111111100
0000000000011111111111111100
0000000000011111111111111100
0000000011001111111111111110
0000000010000001111111111110
0000000000000000111111111110
0000000000000000111111111110
0000000000000000011111111111
0000000000000000011111111111
0000000000000000011111111111
0000000000000000011111111111
0000000000000000001111111111
0000000000000010001111111111
0000000000000010001111111111
0000000000000010001111111111
0000000000000010001111111110
0000000000000010001111111110
0000000000000010001111110110
0000000000000010011111110000
0000000000000010011111100000
0000000000000000000000000000
0000000000000000000000000000
0000000000000000000000000000
0000000000000000000000000000
