0000000000000010000000000000
0000000000000101000000000000
0000000000001101000000000000
0000000000001001000000000000
0000000000001001100000000000
0000000000011000100000000000
0000000000011000100000000000
0000000000010000100000000000
0000000000010000110000000000
0000000000110000010000000000
0000000000100000010000000000
0000111101101000010000110000
0001111111111111111111111000
0001111101111111111111110000
0001111101111111011111111000
0001111101111111111111110000
0000111111110111111111110000
0000111111111111111111110000
0000111111111111111111110000
0000111111111111111111110000
0001111111111111111111110000
0001111111111111111111111000
0001111111111111111111111000
0001111111111111111111111000
0000111111111111111111110000
0000111111111111111111110000
0000011111111111111111100000
0000001111111111111111000000
