0000000000000000000000000000
0000000000000000000000000000
0000000000000000000000000000
0000000000000000000000000000
0000000000000000000000000000
0000000000000000000000000000
0011111111111111111111111111
0111111111111111111111111111
0111111111111111111111111111
0111111111111111111111111111
0111111111111111111111111111
0011111111111111111111111111
0011111111111111111111111111
0011111111111111111111111111
0111111111111111111111111111
0111111111111111111111111111
0111111111111111111111111111
0011111111111111111111111111
0011111111001111110111111111
0011111111000000000111111111
0011111111000000000111111111
0011111111100000001111111111
0000000001100000000000000000
0000000000000000000000000000
0000000000000000000000000000
0000000000000000000000000000
0000000000000000000000000000
0000000000000000000000000000
