0000000000000000000000000000
0000000000000000000000000000
0000000000000000000000000000
0000000000000000000000000000
0000000000000000000000000000
0000000000000000000100000000
0000000000000000001110011100
0000000000000000111110111110
0000000000000111011111111110
0000000000000111101111111110
0000000000010001111111111110
0000000000111101111111111110
0000000001111110111111111111
0000000110111111011111111111
0000001111111111111111111110
0000011001111111111111111001
0001101111111111111111100110
0111111111111111111110011000
0111111111111111111001100000
0001111111111111000110000000
1100000011100000011000000000
0111000000000001110000000000
0011111100000000000000000000
0000000000000000000000000000
0000000000000000000000000000
0000000000000000000000000000
0000000000000000000000000000
0000000000000000000000000000
