0000000000001111100000000000
0000000000001111100000000000
0000000000110111111000000000
0000000111111111111111000000
0000001111111111111111100000
0000001111111111111111100000
0000001111111111111111100000
0000001111111111111111100000
0000011110111111111111110000
0000011110111111111011110000
0000011110111111111110110000
0000011111111111111110110000
0000011111111111111111110000
0000011111111111111111110000
0000011111111111111111110000
0000011111111111111111110000
0000011110111111111111110000
0000111110111111111111111000
0000111100111111111101101000
0000111101111111111101111000
0000101101111111111101101000
0000101101111111111101111000
0000101001111111111100110000
0000101001111111111100101000
0000011001111111111110110000
0000011011111111111110110000
0000111001111111111100111000
0000001000001111000000100000
