0000000000000000000000000000
0000000000000000000000000000
0000000000000000000000000000
0000000000000000000000000000
0000000000000000000000000000
0000000000000000000000000000
0000000000000000001000000000
0000000000000000011100000000
0000000000000000111110000000
0000000000000000111111000000
0000000000000001111111110011
0000000000000011111111111111
0000000000000111111111111110
0000000000001111111111111110
0000000000111111111111111111
0000000111111111111111111111
0000001111111111111111111111
0111111111111111111111111111
0111110111111111111111111111
0011111111111111111111111111
0000001111111111000000000000
0000000000000000000000000000
0000000000000000000000000000
0000000000000000000000000000
0000000000000000000000000000
0000000000000000000000000000
0000000000000000000000000000
0000000000000000000000000000
