0000000000000111100000000000
0000000000001000001000000000
0000000000010000000100000000
0000000000100000000010000000
0000000001000000000000000000
0000000001000000000001000000
0000000001000000000001000000
0000000111000000000011000000
0000011111111111111100111100
0000111111100000000010011100
0000111111111111111111111100
0000111111111111111111111100
0000111111111111111111111100
0001111111111111111111111100
0001111111111111111111111110
0011111111110000001111111110
0010111111111100011111111110
0100111111111110111111111110
0101111111111111111111111110
1101111111111111111111111110
1001111111111111111111111110
1001111111111111111111111110
1001111111111111111111111110
0001111111111111111111111110
0011111111111111111111111111
0111111111111111111111111111
0111111111111111111111111111
0000001111111100000000000000
