0000000000000100000000000000
0000000001000011000000000000
0000000010000000100000000000
0000000100000000010000000000
0000001000000000000000000000
0000010000000000000000000000
0000100000000000000100000000
0001000000000000000010000000
0001111000000000000110000000
0000111111111111111111000000
0000111111111111111111000000
0000111111111111111110000000
0000111111111111111111110000
0000111111111111111111111000
0000111111111111111111111000
0000111111111111111111110000
0000111111111111111110000000
0000111111111111111110000000
0000111111111111111111000000
0000111111111111111110000000
0000111111111111111110000000
0000111111111111111110000000
0000111111111111111110000000
0000111111111111111110000000
0000111111111111111110000000
0000111111111111111110000000
0000111111111111111110000000
0000011111111111111100000000
