0000000000000011000000000000
0000000000000111100000000000
0000000000000100100000000000
0000000000001100100000000000
0000000000001000010000000000
0000000000011000010000000000
0000000000010000011000000000
0000000000110000001000000000
0000000000100000001000000000
0000000001100000000100000000
0000000001000000000110000000
0000000010000000000010000000
0000000110000000000011000000
0000000110000000000011000000
0000000110001111111111100000
0000000111111111111111100000
0000000111111111111111100000
0000000111111111111111100000
0000000111111111111111100000
0000000111111111111111100000
0000000111111111111111100000
0000000111111111111111100000
0000000111111111111111100000
0000000111111111111111100000
0000000111111111111111100000
0000001111111111111111100000
0000001111111111111111100000
0000000100111111111110000000
