0000000000000000000000000000
0000000000000000000000000000
0000000000000000000000000000
0000000000000000000000000000
0000000000000000000000000000
0000000000000000000000000000
0000000000000000000000000000
0000000000000000000000000000
0000000000000011000000000100
0000000000000111111000001100
0000000000011111111111111110
0000000001111111111111111110
0000000111111111111111111110
0001111111111111111111111110
0111111111111111111111111110
0111111111111111111111111110
1111111111111111111111111111
1111111111111111111111111111
0111111111111111111111111111
0000111111111111111111111110
0000000000000000000000000000
0000000000000000000000000000
0000000000000000000000000000
0000000000000000000000000000
0000000000000000000000000000
0000000000000000000000000000
0000000000000000000000000000
0000000000000000000000000000
