0000000001111111111100000000
0000000001111111111100000000
0000000001111111111100000000
0000000001111111111100000000
0000000011111111111110000000
0000000011111111111110000000
0000000011111111111110000000
0000000011111111111110000000
0000000011111111111110000000
0000000011111111111110000000
0000000011111111111100000000
0000000001111111111100000000
0000000001111111111100000000
0000000001111111111100000000
0000000001111101111100000000
0000000001111101111100000000
0000000001111101111100000000
0000000001111101111100000000
0000000001111101111100000000
0000000001111101111100000000
0000000001111101111000000000
0000000001111101111000000000
0000000001111101111000000000
0000000001111101111000000000
0000000000111101111000000000
0000000000111101111000000000
0000000000111101111000000000
0000000000010000110000000000
