0000000000000000000000000000
0000000000000000000000000000
0000000000000000000000000000
0000000000000001000000000000
0000000000000011110000000000
0000000000000011111110010000
0000000000000111111111111000
0000000000000111111111111100
0000000000000111111111111100
0000000000001101111111111110
0000000000001111111111111111
0000000000011110111111111111
0000000000011101110111111111
0000000000111101111111111110
0000000000111111111111111110
0000000001111111111111111110
0000000011111111111111111110
0000000111011111111111111110
0000001111111111111111111110
0111110011111111111111111110
1111111111111111111111111110
0001111111111111111111111110
0000000000111111000000000000
0000000000000000000000000000
0000000000000000000000000000
0000000000000000000000000000
0000000000000000000000000000
0000000000000000000000000000
