0000000000000000000000000000
0000000000000000000000000000
0000000000000000000000000000
0000000000000000000110000000
0000000000000000111111111100
0000000000000000111111111110
0000000000000000000000001110
0000000000000000000000011110
0000000000000000000000111100
0000000000000000000000111000
0000000000000000000001111000
0000000000000000000001110000
0000000000000000000001110011
0000000000000000000011111111
0000000000000000000011111111
0000000000000000000011111111
0000000000000000001111111110
0000000000000000011110001110
0000001111100000111100001110
0000001111111001111000001110
0000011111111111110000000110
0000011101111111100000000110
1111011111111111000000000100
1111111111111110000000000110
0000000111111100000000000110
0000000000000000000000000000
0000000000000000000000000000
0000000000000000000000000000
