0000000000000000000100000000
0000000000000000011111000000
0000000000000000011111000000
0000000000000011111111000000
0000000000000011111101100000
0000000000000111100110100000
0000000000000110111000110000
0000000000000011111100110000
0000000000000001111100010000
0000000000000000011100000000
0000000000000000111100000000
0000000000000001111100000000
0000000000000010111000000000
0000000000000001100000000000
0000000000000011001110000000
0000000000000111111110000000
0000000000011111111100000000
0000000000011000111000000000
0000000000011000111011000000
0000000000011110011111000000
0000000000111111110111000000
0000000001101111110111000000
0000000001100111000111000000
0000000001111111000111000000
0000000110111110000111000000
0000000111111110000111000000
0000111111111100000111000000
0000001111111000000111000000
