0000000000000000000000000000
0000000000000000000000000000
0000000000100000100000000000
0000000011111011111000000000
0000000111111111111100000000
0000000111111011111100000000
0000001111111011111110000000
0000001111111011111110000000
0000001111111011111111000000
0000011111111011111111000000
0000011111111011111111100000
0000111111111011111111100000
0000111111111011111111100000
0000111111111011111111110000
0001111111111011111111110000
0001111111111011111111111000
0001111111111011111111111000
0011111111111011111111111000
0011110111111011111110111100
0011110111111011111110111100
0111100111111011111110011110
0111100111111011111110011110
0111001111111011111110001110
0010001111111011111110001100
0000001111111011111110000000
0000001111111111111111000000
0000000111111111111110000000
0000000000000000000000000000
