0000000000000000000000000000
0000000000000000000000000000
0000000000000000000000000000
0000000000000000000000000000
0000000000000000000000000000
0000000000000000000000000000
0000000000000000100000000001
0000000000000000111111111110
0000000000000001111111111110
0000000000000001111111111100
0000000000000011111111111100
0000000000000011111111111100
0000000000000111111111111110
0000000000001111111111111110
0000000000010111111111111110
0000000001111111111111111111
0111111111111111111111111111
0111100000111111111111111111
1111111111111111111111111111
1111111111111111111111111111
0001111111111111111111111111
0000001111111110000011111110
0000000000000000000000000000
0000000000000000000000000000
0000000000000000000000000000
0000000000000000000000000000
0000000000000000000000000000
0000000000000000000000000000
