0000000000000000000000000000
0000000000000000000000000000
0000000000000000000000000000
0000000000000000000000000000
0000000000000011111111111110
0000000000000011111111111110
0000000000000011111111111010
0000000000000011111111111010
0000000000000011111111111010
0000000000000011111111111010
0000000000000011111111111001
0000000000000011111111111000
0000000000000111111111111100
0000000000000111111111111100
0000000000001111111111111100
0000000000001111111111111110
0000000000011111111111111110
0000000000111111111111111110
0000000001111111111111111110
0000000011111111111111111110
0000000111111111111111111110
0011111111111111111101111110
0111111111111111110001111110
0111111111111111000001111110
0001111111111110000001111110
0000000011111000000001111110
0000000000000000000000000000
0000000000000000000000000000
