0000000000000000000000000000
0000000000000000000000000000
0000000000000000000000000000
0000000000000000000000000000
0000000000000000000000000000
0000000000000000010000000000
0000000000000000111000000000
0000000000000001111100000000
0000000000000001111111000000
0000000000000001111111110000
0000000000000001111111111110
0000000000000011111111111110
0000000000000111111111111110
0000000000001111111111111110
0000000000111111111111111110
0000000011111111111111111110
0000001111111111111111111110
0111111111111111111111111110
0111111111111111111111111111
0000000000001011111111111100
0000000000000000000000000000
1111111110000000000011111110
0000111111111111111111111110
0000000000000000000000000000
0000000000000000000000000000
0000000000000000000000000000
0000000000000000000000000000
0000000000000000000000000000
