0000000000000000000000000000
0000000000000000000000000000
0000000000000000000000000000
0000000000000000000000000000
0000000000000000000000000000
0000000000000000000000000000
0000000000000000000000000000
0000000000000000000000000000
0000000000000000110000000000
0000000000000001111000001000
0000000000000111111000001100
0000000000001111111110111110
0000000000111111111111111110
0000000111111111111111111110
0111111111111111111111111110
1111111111111111111111111111
1111111111111111111111111111
1111111111111111111111111110
0111111111111111111111111111
0001111111111111111111111111
0000000111111111111111111000
0000000000000000000000000000
0000000000000000000000000000
0000000000000000000000000000
0000000000000000000000000000
0000000000000000000000000000
0000000000000000000000000000
0000000000000000000000000000
