0000000100001111011110000000
0000001111110001111110000000
0000001111111111111110000000
0000001111111111111111000000
0000001111101111111111000000
0000001111111001111111000000
0000001111011001111111000000
0000011111111011111111000000
0000011111111111111101100000
0000011111111011111101100000
0000011111101111011101100000
0000011111111111101101100000
0000011111111111101101100000
0000011111111111110111100000
0000011111111001111111100000
0000011111110000111111100000
0000011111110000111111100000
0000011111110000111111100000
0000011111110000011111100000
0000011111110000011111100000
0000011111100000011111100000
0000011111100000011111100000
0000011111100000011111100000
0000011111100000011111000000
0000011111110000011101000000
0000001111110000011011000000
0000001111100000011011000000
0000000000000000000011000000
