0000000000001111000000000000
0000000000001111100000000000
0000000001111111111100000000
0000000111111111111111000000
0000001111111111111111000000
0000001111111111111111100000
0000001111111111111111100000
0000001111111111111111100000
0000001111111111111111100000
0000001111111111111111100000
0000001111111111111011100000
0000001110111111111011100000
0000001110111111111011100000
0000001110111111111011100000
0000001110111111111011100000
0000011100111111111011100000
0000011100111111111011110000
0000011101111111111001110000
0000011101111111111001110000
0000011101111111111101110000
0000011101111111111101110000
0000011101111111111101110000
0000011101111111111101110000
0000011101111111111101110000
0000011000000000000000110000
0000011000000000000000110000
0000011000000000000000110000
0000011000000000000000110000
