0000000000000000000000000000
0000000000000000000000000000
0000000000000000000000000000
0000000000000000000000000000
0000000000000000000000000000
0000000000000000000000000000
0000000000000000000000000000
0000000001111000000000000000
0000000011111000000000000000
0000000111111100000000000000
0000111111111100000000000000
0000111111111101010000000110
0001111111111011111100001110
0011111111100110111111111111
0011111100001101111111111111
0011111000101111111101111111
0011100010011011111110000000
0000000000111111111111111111
1111111111111111111111111111
1111111111111111111111111111
0000011111111111111111111110
0000000000000000000000000000
0000000000000000000000000000
0000000000000000000000000000
0000000000000000000000000000
0000000000000000000000000000
0000000000000000000000000000
0000000000000000000000000000
