0000000000000000000000000000
0000000000000000000000000000
0000000000000000000000000000
0000000000000000000000000000
0000000000000000000000000000
0000000000000000000000000000
0000000000000000000000000000
0000000000000000000000000000
0000000000000000000000000000
0000000000000001010000000100
0000000000000111111000001110
0000000000011111111000011011
0000000011111111111111111100
0000001111111111111111111111
0001111111111111111111111111
0111111001111111111111111111
0000100111111111111111111111
1100000001111111000000000000
0011111111111111111111111111
0000000111111111110000000000
0000000000000000000000000000
0000000000000000000000000000
0000000000000000000000000000
0000000000000000000000000000
0000000000000000000000000000
0000000000000000000000000000
0000000000000000000000000000
0000000000000000000000000000
