0000000000000000000000000000
0000000000000000000000000000
0000000000000000000000000000
0000000000000000000000000000
0000000000000000000000000000
0000000000000000000000000000
0000000000000000000001110000
0000000000000000000011111000
0000000000000000000111110000
0000000000000111101111100000
0000000000001111111110000000
0000000000000111111110000000
0000000000000000001110001111
0000000000000000001111111110
0000000000000000000111111110
0000000000000000011111111110
0000000001110000111100111110
0000111111110001110000111110
0000111001111011000000111110
0000111111111110000000111110
1111111111111100000000111110
0111111111111100000000111100
0011111111111000000000111100
0000011111110000000000010000
0000000000000000000000000000
0000000000000000000000000000
0000000000000000000000000000
0000000000000000000000000000
