0000000000011111110000000000
0000000000111111111000000000
0000000000011111111000000000
0000000001110011111100000000
0000000011100110011110000000
0000000010111111111111000000
0000000111000001100111000000
0000000110100000000111000000
0000000111100000101101000000
0000000111110101101101000000
0000000111101111101101000000
0000000101111111101101000000
0000000111111111001101000000
0000000111111111110110100000
0000001111111111110110100000
0000001111111111111111100000
0000001111111111111111100000
0000001111111111111111100000
0000001111111111111111100000
0000001111111111111111100000
0000001111011111111011100000
0000000111111111111111100000
0000000111111111111111100000
0000000110000000000011100000
0000000110000000000011000000
0000000110000000000011000000
0000000110000000000011000000
0000000110000000000011000000
